RSS,Region,Nom_etablissement,Nom_installation,No_permis_installation,Nombre_de_civieres_fonctionnelles 						,Nombre_de_civieres_occupees,Nombre_de_patients_sur_civiere_plus_de_24_heures,Nombre_de_patients_sur_civiere_plus_de_48_heures						,Nombre_total_de_patients_presents_a_lurgence,Nombre_total_de_patients_en_attente_de_PEC,DMS_sur_civiere,DMS_ambulatoire						,DMS_sur_civiere_horaire,DMS_ambulatoire_horaire,Heure_de_l'extraction_(image), Mise_a_jour
01,Bas-Saint-Laurent,Total régional,Total régional, ,52,41,9,0,90,30,11.1689655172413,3.77377643504531,11:10,3:46,10:00:00,2024-06-27T10:45
01,Bas-Saint-Laurent,CISSS DU BAS-SAINT-LAURENT,CENTRE HOSPITALIER RÉGIONAL DU GRAND-PORTAGE,51218352,9,4,0,0,9,5,11.06,4.12,11:03,4:07,10:00:00,2024-06-27T10:45
01,Bas-Saint-Laurent,CISSS DU BAS-SAINT-LAURENT,HÔPITAL DE MATANE,51218980,7,10,3,0,20,10,5.64,6.14,5:38,6:08,10:00:00,2024-06-27T10:45
01,Bas-Saint-Laurent,CISSS DU BAS-SAINT-LAURENT,CLSC DE POHÉNÉGAMOOK,51219418,3,0,0,0,1,1,6.66,2.57,6:39,2:34,10:00:00,2024-06-27T10:45
01,Bas-Saint-Laurent,CISSS DU BAS-SAINT-LAURENT,HÔPITAL NOTRE-DAME-DE-FATIMA,51221141,7,3,0,0,18,9,4.81,3.25,4:48,3:15,10:00:00,2024-06-27T10:45
01,Bas-Saint-Laurent,CISSS DU BAS-SAINT-LAURENT,HÔPITAL DE NOTRE-DAME-DU-LAC,51221877,5,4,0,0,6,1,12.36,3.07,12:21,3:04,10:00:00,2024-06-27T10:45
01,Bas-Saint-Laurent,CISSS DU BAS-SAINT-LAURENT,HÔPITAL D'AMQUI,51226892,6,5,1,0,8,1,10.65,2.6,10:39,2:36,10:00:00,2024-06-27T10:45
01,Bas-Saint-Laurent,CISSS DU BAS-SAINT-LAURENT,HÔPITAL RÉGIONAL DE RIMOUSKI,51227882,12,13,5,0,24,3,21.44,4.68,21:26,4:40,10:00:00,2024-06-27T10:45
01,Bas-Saint-Laurent,CISSS DU BAS-SAINT-LAURENT,CENTRE MULTISERVICES DE SANTÉ ET DE SERVICES SOCIAUX DE TROIS-PISTOLES,51236156,3,2,0,0,4,0,6.85,3.61,6:51,3:36,10:00:00,2024-06-27T10:45
02,Saguenay-Lac-Saint-Jean,Total régional,Total régional, ,104,103,7,1,202,65,11.1575163398692,4.02609498680738,11:09,4:01,10:00:00,2024-06-27T10:45
02,Saguenay-Lac-Saint-Jean,CIUSSS DU SAGUENAY - LAC-SAINT-JEAN,HÔPITAL DE CHICOUTIMI,51218394,41,43,6,1,78,12,12.28,4.58,12:16,4:34,10:00:00,2024-06-27T10:45
02,Saguenay-Lac-Saint-Jean,CIUSSS DU SAGUENAY - LAC-SAINT-JEAN,HÔPITAL DE DOLBEAU-MISTASSINI,51219384,10,7,0,0,18,9,10.66,3.12,10:39,3:07,10:00:00,2024-06-27T10:45
02,Saguenay-Lac-Saint-Jean,CIUSSS DU SAGUENAY - LAC-SAINT-JEAN,HÔPITAL D'ALMA,51219400,17,11,0,0,36,17,6.88,3.53,6:52,3:31,10:00:00,2024-06-27T10:45
02,Saguenay-Lac-Saint-Jean,CIUSSS DU SAGUENAY - LAC-SAINT-JEAN,HÔPITAL DE LA BAIE,51221364,7,7,0,0,12,4,9.21,4.89,9:12,4:53,10:00:00,2024-06-27T10:45
02,Saguenay-Lac-Saint-Jean,CIUSSS DU SAGUENAY - LAC-SAINT-JEAN,HÔPITAL ET CENTRE DE RÉADAPTATION DE JONQUIÈRE,51224541,16,18,1,0,28,8,12.28,3.56,12:16,3:33,10:00:00,2024-06-27T10:45
02,Saguenay-Lac-Saint-Jean,CIUSSS DU SAGUENAY - LAC-SAINT-JEAN,HÔPITAL ET CENTRE D'HÉBERGEMENT DE ROBERVAL,51228203,13,17,0,0,30,15,11.37,5.17,11:22,5:10,10:00:00,2024-06-27T10:45
03,Capitale-Nationale,Total régional,Total régional, ,218,211,33,1,406,124,13.5118939393939,4.10505992010652,13:30,4:06,10:00:00,2024-06-27T10:45
03,Capitale-Nationale,CHU DE QUÉBEC - UNIVERSITÉ LAVAL,HÔPITAL DU SAINT-SACREMENT,51217529,22,22,5,0,45,16,21.39,3.73,21:23,3:43,10:00:00,2024-06-27T10:45
03,Capitale-Nationale,CHU DE QUÉBEC - UNIVERSITÉ LAVAL,L'HÔTEL-DIEU DE QUÉBEC,51217586,15,9,0,0,14,2,12.07,3.59,12:04,3:35,10:00:00,2024-06-27T10:45
03,Capitale-Nationale,CHU DE QUÉBEC - UNIVERSITÉ LAVAL,CENTRE HOSPITALIER DE L'UNIVERSITÉ LAVAL,51217594,43,52,5,0,92,28,10.99,6.64,10:59,6:38,10:00:00,2024-06-27T10:45
03,Capitale-Nationale,CHU DE QUÉBEC - UNIVERSITÉ LAVAL,HÔPITAL SAINT-FRANÇOIS D'ASSISE,51217602,34,39,9,0,69,18,16.71,5.04,16:42,5:02,10:00:00,2024-06-27T10:45
03,Capitale-Nationale,CIUSSS DE LA CAPITALE-NATIONALE,CENTRE MULTISERVICES DE SANTÉ ET DE SERVICES SOCIAUX CHAUVEAU,51225001,5,0,0,0,22,11,3.83,2.31,3:49,2:18,10:00:00,2024-06-27T10:45
03,Capitale-Nationale,CIUSSS DE LA CAPITALE-NATIONALE,CENTRE MULTISERVICES DE SANTÉ ET DE SERVICES SOCIAUX DE SAINTE-ANNE-DE-BEAUPRÉ,51225357,4,2,1,0,5,2,8.06,2.97,8:03,2:58,10:00:00,2024-06-27T10:45
03,Capitale-Nationale,CIUSSS DE LA CAPITALE-NATIONALE,HÔPITAL ET CLSC DE LA MALBAIE,51228690,9,2,1,1,14,6,23.61,3.29,23:36,3:17,10:00:00,2024-06-27T10:45
03,Capitale-Nationale,INSTITUT UNIVERSITAIRE DE CARDIOLOGIE ET DE PNEUMOLOGIE DE QUÉBEC - UNIVERSITÉ LAVAL,INSTITUT UNIVERSITAIRE DE CARDIOLOGIE ET DE PNEUMOLOGIE DE QUÉBEC,51232130,20,27,0,0,43,16,11.94,3.36,11:56,3:21,10:00:00,2024-06-27T10:45
03,Capitale-Nationale,CHU DE QUÉBEC - UNIVERSITÉ LAVAL,HÔPITAL DE L'ENFANT-JÉSUS,51233914,48,52,12,0,77,15,16.21,4.5,16:12,4:30,10:00:00,2024-06-27T10:45
03,Capitale-Nationale,CIUSSS DE LA CAPITALE-NATIONALE,CENTRE MULTISERVICES DE SANTÉ ET DE SERVICES SOCIAUX DE BAIE-SAINT-PAUL,51244804,8,3,0,0,6,2,12.22,4.33,12:13,4:19,10:00:00,2024-06-27T10:45
03,Capitale-Nationale,CIUSSS DE LA CAPITALE-NATIONALE,CENTRE MULTISERVICES DE SANTÉ ET DE SERVICES SOCIAUX DE SAINT-RAYMOND,51247302,7,3,0,0,12,5,7.73,4.05,7:43,4:03,10:00:00,2024-06-27T10:45
03,Capitale-Nationale,CIUSSS DE LA CAPITALE-NATIONALE,CENTRE MULTISERVICES DE SANTÉ ET DE SERVICES SOCIAUX DE SAINT-MARC-DES-CARRIÈRES,51247344,3,0,0,0,7,3,6.1,2.66,6:06,2:39,10:00:00,2024-06-27T10:45
04,Mauricie et Centre-du-Québec,Total régional,Total régional, ,118,134,21,1,252,88,11.0502316602316,4.98240425531914,11:03,4:58,10:00:00,2024-06-27T10:45
04,Mauricie et Centre-du-Québec,CIUSSS DE LA MAURICIE-ET-DU-CENTRE-DU-QUÉBEC,CENTRE MULTISERVICES DE SANTÉ ET DE SERVICES SOCIAUX DE FORTIERVILLE,51219160,2,1,0,0,22,10,5.82,2.44,5:49,2:26,10:00:00,2024-06-27T10:45
04,Mauricie et Centre-du-Québec,CIUSSS DE LA MAURICIE-ET-DU-CENTRE-DU-QUÉBEC,CENTRE MULTISERVICES DE SANTÉ ET DE SERVICES SOCIAUX DU HAUT-SAINT-MAURICE,51219731,7,4,1,0,10,4,11.98,4.62,11:58,4:37,10:00:00,2024-06-27T10:45
04,Mauricie et Centre-du-Québec,CIUSSS DE LA MAURICIE-ET-DU-CENTRE-DU-QUÉBEC,HÔPITAL DU CENTRE-DE-LA-MAURICIE,51220051,19,13,1,0,33,12,10.17,5.98,10:10,5:58,10:00:00,2024-06-27T10:45
04,Mauricie et Centre-du-Québec,CIUSSS DE LA MAURICIE-ET-DU-CENTRE-DU-QUÉBEC,PAVILLON SAINTE-MARIE,51220168,45,60,15,1,75,8,15.4,5.19,15:24,5:11,10:00:00,2024-06-27T10:45
04,Mauricie et Centre-du-Québec,CIUSSS DE LA MAURICIE-ET-DU-CENTRE-DU-QUÉBEC,HÔTEL-DIEU D'ARTHABASKA,51228039,16,19,0,0,35,17,6.91,4.43,6:54,4:25,10:00:00,2024-06-27T10:45
04,Mauricie et Centre-du-Québec,CIUSSS DE LA MAURICIE-ET-DU-CENTRE-DU-QUÉBEC,HÔPITAL SAINTE-CROIX,51228781,19,26,1,0,43,20,10.18,7.28,10:10,7:16,10:00:00,2024-06-27T10:45
04,Mauricie et Centre-du-Québec,CIUSSS DE LA MAURICIE-ET-DU-CENTRE-DU-QUÉBEC,CENTRE MULTISERVICES DE SANTÉ ET DE SERVICES SOCIAUX AVELLIN-DALCOURT,51233583,4,6,1,0,24,16,10.62,4.71,10:37,4:42,10:00:00,2024-06-27T10:45
04,Mauricie et Centre-du-Québec,CIUSSS DE LA MAURICIE-ET-DU-CENTRE-DU-QUÉBEC,CENTRE MULTISERVICES DE SANTÉ ET DE SERVICES SOCIAUX CHRIST-ROI,51246338,6,5,2,0,10,1,8.96,3.6,8:57,3:36,10:00:00,2024-06-27T10:45
05,Estrie,Total régional,Total régional, ,137,165,32,8,283,91,15.4722748815165,6.14763829787234,15:28,6:08,10:00:00,2024-06-27T10:45
05,Estrie,CIUSSS DE L'ESTRIE - CENTRE HOSPITALIER UNIVERSITAIRE DE SHERBROOKE,CHUS - HÔPITAL FLEURIMONT,51216687,28,35,0,0,52,12,10.47,6.69,10:28,6:41,10:00:00,2024-06-27T10:45
05,Estrie,CIUSSS DE L'ESTRIE - CENTRE HOSPITALIER UNIVERSITAIRE DE SHERBROOKE,CHUS - HÔTEL-DIEU DE SHERBROOKE,51216695,44,54,14,4,69,13,24.21,7.91,24:12,7:54,10:00:00,2024-06-27T10:45
05,Estrie,CIUSSS DE L'ESTRIE - CENTRE HOSPITALIER UNIVERSITAIRE DE SHERBROOKE,CENTRE MULTISERVICES DE SANTÉ ET DE SERVICES SOCIAUX DE MEMPHRÉMAGOG,51219046,11,7,2,1,16,5,12.08,6.52,12:04,6:31,10:00:00,2024-06-27T10:45
05,Estrie,CIUSSS DE L'ESTRIE - CENTRE HOSPITALIER UNIVERSITAIRE DE SHERBROOKE,CENTRE DE SANTÉ ET DE SERVICES SOCIAUX DU GRANIT,51223832,5,5,0,0,8,2,10.53,3.15,10:31,3:09,10:00:00,2024-06-27T10:45
05,Estrie,CIUSSS DE L'ESTRIE - CENTRE HOSPITALIER UNIVERSITAIRE DE SHERBROOKE,HÔPITAL DE GRANBY,51228120,20,35,13,3,67,24,20,7.77,20:00,7:46,10:00:00,2024-06-27T10:45
05,Estrie,CIUSSS DE L'ESTRIE - CENTRE HOSPITALIER UNIVERSITAIRE DE SHERBROOKE,HÔPITAL BROME-MISSISQUOI-PERKINS,51229185,16,24,3,0,39,12,14.81,4.7,14:48,4:42,10:00:00,2024-06-27T10:45
05,Estrie,CIUSSS DE L'ESTRIE - CENTRE HOSPITALIER UNIVERSITAIRE DE SHERBROOKE,CENTRE MULTISERVICES DE SANTÉ ET DE SERVICES SOCIAUX DES SOURCES,51247583,7,1,0,0,12,9,8.26,6.39,8:15,6:23,10:00:00,2024-06-27T10:45
05,Estrie,CIUSSS DE L'ESTRIE - CENTRE HOSPITALIER UNIVERSITAIRE DE SHERBROOKE,CENTRE MULTISERVICES DE SANTÉ ET DE SERVICES SOCIAUX DE LA MRC DE COATICOOK,51247617,6,4,0,0,20,14,2.64,2.22,2:38,2:13,10:00:00,2024-06-27T10:45
06,Montréal,Total régional,Total régional, ,568,684,151,33,1091,266,18.2098640776699,5.79713438735178,18:12,5:47,10:00:00,2024-06-27T10:45
06,Montréal,CIUSSS DU NORD-DE-L'ÎLE-DE-MONTRÉAL,HÔPITAL DU SACRÉ-COEUR-DE-MONTRÉAL,12475976,46,42,12,0,87,28,17.04,7.13,17:02,7:07,10:00:00,2024-06-27T10:45
06,Montréal,CIUSSS DE L'EST-DE-L'ÎLE-DE-MONTRÉAL,HÔPITAL MAISONNEUVE-ROSEMONT,12934659,54,76,25,5,92,11,24.86,4.77,24:51,4:46,10:00:00,2024-06-27T10:45
06,Montréal,CIUSSS DU CENTRE-SUD-DE-L'ÎLE-DE-MONTRÉAL,HÔPITAL DE VERDUN,51218097,26,28,5,0,48,9,15.47,6.4,15:28,6:24,10:00:00,2024-06-27T10:45
06,Montréal,CENTRE HOSPITALIER UNIVERSITAIRE SAINTE-JUSTINE,CHU SAINTE-JUSTINE,51222800,16,9,0,0,19,5,6.3,4.37,6:18,4:22,10:00:00,2024-06-27T10:45
06,Montréal,CENTRE UNIVERSITAIRE DE SANTÉ MCGILL,L'HÔPITAL DE MONTRÉAL POUR ENFANTS,51223279,12,6,0,0,35,4,7.88,4.07,7:52,4:04,10:00:00,2024-06-27T10:45
06,Montréal,CENTRE UNIVERSITAIRE DE SANTÉ MCGILL,HÔPITAL ROYAL VICTORIA,51223295,33,59,24,5,103,27,32.04,9.4,32:02,9:24,10:00:00,2024-06-27T10:45
06,Montréal,CIUSSS DE L'OUEST-DE-L'ÎLE-DE-MONTRÉAL,HÔPITAL DE LASALLE,51224392,15,15,5,2,31,13,33.97,6.91,33:58,6:54,10:00:00,2024-06-27T10:45
06,Montréal,CIUSSS DE L'OUEST-DE-L'ÎLE-DE-MONTRÉAL,HÔPITAL GÉNÉRAL DU LAKESHORE,51228278,31,46,9,2,75,19,24.95,8.02,24:57,8:01,10:00:00,2024-06-27T10:45
06,Montréal,CENTRE UNIVERSITAIRE DE SANTÉ MCGILL,HÔPITAL DE LACHINE,51228310,14,11,1,0,26,13,19.4,3.83,19:24,3:49,10:00:00,2024-06-27T10:45
06,Montréal,CIUSSS DU NORD-DE-L'ÎLE-DE-MONTRÉAL,HÔPITAL FLEURY,51228492,18,21,0,0,37,11,21.15,4.67,21:09,4:40,10:00:00,2024-06-27T10:45
06,Montréal,CIUSSS DU NORD-DE-L'ÎLE-DE-MONTRÉAL,HÔPITAL JEAN-TALON,51228500,22,19,1,0,36,5,13.9,5.56,13:54,5:33,10:00:00,2024-06-27T10:45
06,Montréal,CIUSSS DE L'OUEST-DE-L'ÎLE-DE-MONTRÉAL,HÔPITAL DOUGLAS,51235190,8,6,0,0,7,1,4.7,3.27,4:42,3:16,10:00:00,2024-06-27T10:45
06,Montréal,CIUSSS DE L'EST-DE-L'ÎLE-DE-MONTRÉAL,INSTITUT UNIVERSITAIRE EN SANTÉ MENTALE DE MONTRÉAL,51235307,12,4,3,1,5,0,25.04,7.2,25:02,7:12,10:00:00,2024-06-27T10:45
06,Montréal,CIUSSS DE L'EST-DE-L'ÎLE-DE-MONTRÉAL,HÔPITAL SANTA CABRINI,51235919,38,39,8,3,54,15,17.11,4.97,17:06,4:58,10:00:00,2024-06-27T10:45
06,Montréal,CENTRE HOSPITALIER DE L'UNIVERSITÉ DE MONTRÉAL,CENTRE HOSPITALIER DE L'UNIVERSITÉ DE MONTRÉAL,51236297,51,82,11,2,135,50,18.99,8.8,18:59,8:48,10:00:00,2024-06-27T10:45
06,Montréal,CIUSSS DU CENTRE-SUD-DE-L'ÎLE-DE-MONTRÉAL,HÔPITAL NOTRE-DAME,51236313,35,26,4,2,37,3,14.31,5.77,14:18,5:46,10:00:00,2024-06-27T10:45
06,Montréal,INSTITUT DE CARDIOLOGIE DE MONTRÉAL,INSTITUT DE CARDIOLOGIE DE MONTRÉAL,51248201,22,12,2,0,20,3,13.41,4.21,13:24,4:12,10:00:00,2024-06-27T10:45
06,Montréal,CENTRE UNIVERSITAIRE DE SANTÉ MCGILL,HÔPITAL GÉNÉRAL DE MONTRÉAL,51248219,31,41,11,4,66,13,20.14,4.4,20:08,4:24,10:00:00,2024-06-27T10:45
06,Montréal,CIUSSS DE L'OUEST-DE-L'ÎLE-DE-MONTRÉAL,CENTRE HOSPITALIER DE ST. MARY,51248243,22,31,2,0,50,11,14.48,6.18,14:28,6:10,10:00:00,2024-06-27T10:45
06,Montréal,CIUSSS DU CENTRE-OUEST-DE-L'ÎLE-DE-MONTRÉAL,HÔPITAL GÉNÉRAL JUIF,51248250,53,102,25,7,119,25,16.17,3.54,16:10,3:32,10:00:00,2024-06-27T10:45
06,Montréal,CIUSSS DU NORD-DE-L'ÎLE-DE-MONTRÉAL,HÔPITAL EN SANTÉ MENTALE ALBERT-PRÉVOST,51848752,9,9,3,0,9,0,44.16,5.93,44:09,5:55,10:00:00,2024-06-27T10:45
07,Outaouais,Total régional,Total régional, ,83,92,32,13,205,82,20.5682258064516,5.71582132564841,20:34,5:42,10:00:00,2024-06-27T10:45
07,Outaouais,CISSS DE L'OUTAOUAIS,HÔPITAL ET CHSLD DU PONTIAC,51219459,4,0,0,0,12,5,12.19,5.53,12:11,5:31,10:00:00,2024-06-27T10:45
07,Outaouais,CISSS DE L'OUTAOUAIS,CLSC ET CENTRE D'HÉBERGEMENT DE LA PETITE-NATION,51219491,2,0,0,0,18,14,6.08,4.23,6:04,4:13,10:00:00,2024-06-27T10:45
07,Outaouais,CISSS DE L'OUTAOUAIS,HÔPITAL DE GATINEAU,51221703,28,37,17,10,61,15,24.07,6.86,24:04,6:51,10:00:00,2024-06-27T10:45
07,Outaouais,CISSS DE L'OUTAOUAIS,HÔPITAL DE HULL,51221711,25,29,5,1,59,24,19.5,8.49,19:30,8:29,10:00:00,2024-06-27T10:45
07,Outaouais,CISSS DE L'OUTAOUAIS,HÔPITAL DE MANIWAKI,51221893,6,8,4,1,13,4,32.88,2.73,32:52,2:43,10:00:00,2024-06-27T10:45
07,Outaouais,CISSS DE L'OUTAOUAIS,HÔPITAL ET CHSLD MÉMORIAL DE WAKEFIELD / WAKEFIELD MEMORIAL HOSPITAL,51228799,4,5,0,0,14,7,19.71,3.64,19:42,3:38,10:00:00,2024-06-27T10:45
07,Outaouais,CISSS DE L'OUTAOUAIS,HÔPITAL ET CHSLD DE PAPINEAU,51228823,12,13,6,1,25,11,18.73,7.42,18:43,7:25,10:00:00,2024-06-27T10:45
07,Outaouais,CISSS DE L'OUTAOUAIS,CENTRE MULTISERVICES DE SANTÉ ET DE SERVICES SOCIAUX DE MANSFIELD-ET-PONTEFRACT,51245058,2,0,0,0,3,2,4.94,1.4,4:56,1:24,10:00:00,2024-06-27T10:45
08,Abitibi-Témiscamingue,Total régional,Total régional, ,37,33,6,1,95,42,11.315652173913,5.20064056939501,11:18,5:12,10:00:00,2024-06-27T10:45
08,Abitibi-Témiscamingue,CISSS DE L'ABITIBI-TÉMISCAMINGUE,HÔPITAL DE VAL-D'OR,51225589,11,13,5,1,24,7,17.73,5.41,17:43,5:24,10:00:00,2024-06-27T10:45
08,Abitibi-Témiscamingue,CISSS DE L'ABITIBI-TÉMISCAMINGUE,HÔPITAL D'AMOS,51228906,7,10,0,0,23,10,10.98,3.52,10:58,3:31,10:00:00,2024-06-27T10:45
08,Abitibi-Témiscamingue,CISSS DE L'ABITIBI-TÉMISCAMINGUE,HÔPITAL DE ROUYN-NORANDA,51228922,8,4,1,0,22,14,12.03,7.6,12:01,7:36,10:00:00,2024-06-27T10:45
08,Abitibi-Témiscamingue,CISSS DE L'ABITIBI-TÉMISCAMINGUE,CENTRE MULTISERVICES DE SANTÉ ET DE SERVICES SOCIAUX DE TÉMISCAMING-KIPAWA,51247476,1,1,0,0,6,3,8.21,2.95,8:12,2:57,10:00:00,2024-06-27T10:45
08,Abitibi-Témiscamingue,CISSS DE L'ABITIBI-TÉMISCAMINGUE,CENTRE MULTISERVICES DE SANTÉ ET DE SERVICES SOCIAUX DE VILLE-MARIE,51247542,5,2,0,0,11,6,8.17,6.31,8:10,6:18,10:00:00,2024-06-27T10:45
08,Abitibi-Témiscamingue,CISSS DE L'ABITIBI-TÉMISCAMINGUE,CENTRE MULTISERVICES DE SANTÉ ET DE SERVICES SOCIAUX DE LA SARRE,51247559,5,3,0,0,9,2,10.49,3.66,10:29,3:39,10:00:00,2024-06-27T10:45
09,Côte-Nord,Total régional,Total régional, ,41,18,2,0,82,43,11.9109375,5.63604562737642,11:54,5:38,10:00:00,2024-06-27T10:45
09,Côte-Nord,CISSS DE LA CÔTE-NORD,CENTRE MULTISERVICES DE SANTÉ ET DE SERVICES SOCIAUX DES ESCOUMINS,51218733,3,0,0,0,4,1,10.42,4.26,10:25,4:15,10:00:00,2024-06-27T10:45
09,Côte-Nord,CISSS DE LA CÔTE-NORD,CENTRE MULTISERVICES DE SANTÉ ET DE SERVICES SOCIAUX DE FORESTVILLE,51218741,5,0,0,0,6,0,13.04,3.49,13:02,3:29,10:00:00,2024-06-27T10:45
09,Côte-Nord,CISSS DE LA CÔTE-NORD,CLSC ET HÔPITAL LE ROYER,51228765,10,9,2,0,26,15,13.12,9.15,13:07,9:09,10:00:00,2024-06-27T10:45
09,Côte-Nord,CISSS DE LA CÔTE-NORD,HÔPITAL ET CLSC DE SEPT-ÎLES,51232023,10,6,0,0,22,13,15.84,6.16,15:50,6:09,10:00:00,2024-06-27T10:45
09,Côte-Nord,CISSS DE LA CÔTE-NORD,CENTRE MULTISERVICES DE SANTÉ ET DE SERVICES SOCIAUX DE FERMONT,51245108,2,0,0,0,0,0,0,1.77,0:00,1:46,10:00:00,2024-06-27T10:45
09,Côte-Nord,CISSS DE LA CÔTE-NORD,CENTRE MULTISERVICES DE SANTÉ ET DE SERVICES SOCIAUX DE LA MINGANIE,51245116,2,3,0,0,12,7,6.01,1.74,6:00,1:44,10:00:00,2024-06-27T10:45
09,Côte-Nord,CISSS DE LA CÔTE-NORD,CENTRE MULTISERVICES DE SANTÉ ET DE SERVICES SOCIAUX DE PORT-CARTIER,51245132,5,0,0,0,7,5,15.59,5.14,15:35,5:08,10:00:00,2024-06-27T10:45
09,Côte-Nord,CISSS DE LA CÔTE-NORD,CENTRE MULTISERVICES DE SANTÉ ET DE SERVICES SOCIAUX DE LA BASSE-CÔTE-NORD,51245140,4,0,0,0,5,2,1.76,2.77,1:45,2:46,10:00:00,2024-06-27T10:45
11,Gaspésie-Îles-de-la-Madeleine,Total régional,Total régional, ,38,21,5,0,64,20,8.99935483870967,3.92906976744186,8:59,3:55,10:00:00,2024-06-27T10:45
11,Gaspésie-Îles-de-la-Madeleine,CISSS DE LA GASPÉSIE,HÔPITAL DE GASPÉ,51220903,"pas d'information disponible","pas d'information disponible","pas d'information disponible","pas d'information disponible","pas d'information disponible","pas d'information disponible","pas d'information disponible","pas d'information disponible", , ,10:00:00,2024-06-27T10:45
11,Gaspésie-Îles-de-la-Madeleine,CISSS DE LA GASPÉSIE,CLSC ET CENTRE DE SERVICES AMBULATOIRES DE PASPÉBIAC,51220978,4,1,0,0,8,2,6.64,3.76,6:38,3:45,10:00:00,2024-06-27T10:45
11,Gaspésie-Îles-de-la-Madeleine,CISSS DE LA GASPÉSIE,CLSC ET CENTRE DE SERVICES AMBULATOIRES DE MURDOCHVILLE,51221307,2,0,0,0,2,0,0,0.9,0:00,0:54,10:00:00,2024-06-27T10:45
11,Gaspésie-Îles-de-la-Madeleine,CISSS DE LA GASPÉSIE,HÔPITAL DE CHANDLER,51227775,8,0,0,0,8,6,11.84,6.67,11:50,6:40,10:00:00,2024-06-27T10:45
11,Gaspésie-Îles-de-la-Madeleine,CISSS DES ÎLES,HÔPITAL DE L'ARCHIPEL,51227783,6,5,2,0,11,2,11.16,2.53,11:09,2:31,10:00:00,2024-06-27T10:45
11,Gaspésie-Îles-de-la-Madeleine,CISSS DE LA GASPÉSIE,HÔPITAL ET GROUPE DE MÉDECINE DE FAMILLE UNIVERSITAIRE DE MARIA,51227908,10,9,2,0,16,2,7.75,3.3,7:45,3:18,10:00:00,2024-06-27T10:45
11,Gaspésie-Îles-de-la-Madeleine,CISSS DE LA GASPÉSIE,CENTRE MULTISERVICES DE SANTÉ ET DE SERVICES SOCIAUX DE GRANDE-VALLÉE,51247732,2,1,0,0,3,2,2.1,1.35,2:06,1:21,10:00:00,2024-06-27T10:45
11,Gaspésie-Îles-de-la-Madeleine,CISSS DE LA GASPÉSIE,HÔPITAL ET CLSC DE SAINTE-ANNE-DES-MONTS,51247799,6,5,1,0,16,6,11.9,5.35,11:54,5:21,10:00:00,2024-06-27T10:45
12,Chaudière-Appalaches,Total régional,Total régional, ,74,75,19,7,139,28,14.7225217391304,2.99313225058004,14:43,2:59,10:00:00,2024-06-27T10:45
12,Chaudière-Appalaches,CISSS DE CHAUDIÈRE-APPALACHES,HÔTEL-DIEU DE LÉVIS,51227569,43,55,19,7,75,2,16.88,3.54,16:52,3:32,10:00:00,2024-06-27T10:45
12,Chaudière-Appalaches,CISSS DE CHAUDIÈRE-APPALACHES,HÔPITAL DE SAINT-GEORGES,51228971,21,14,0,0,21,2,14.61,3.54,14:36,3:32,10:00:00,2024-06-27T10:45
12,Chaudière-Appalaches,CISSS DE CHAUDIÈRE-APPALACHES,CHSLD ET HÔPITAL PAUL-GILBERT,51245199,0,0,0,0,26,18,0,2.37,0:00,2:22,10:00:00,2024-06-27T10:45
12,Chaudière-Appalaches,CISSS DE CHAUDIÈRE-APPALACHES,HÔPITAL DE MONTMAGNY,51245223,10,6,0,0,17,6,7.51,2.59,7:30,2:35,10:00:00,2024-06-27T10:45
12,Chaudière-Appalaches,CISSS DE CHAUDIÈRE-APPALACHES,HÔPITAL DE THETFORD,51245231,"pas d'information disponible","pas d'information disponible","pas d'information disponible","pas d'information disponible","pas d'information disponible","pas d'information disponible","pas d'information disponible","pas d'information disponible", , ,10:00:00,2024-06-27T10:45
13,Laval,Total régional,Total régional, ,49,79,6,1,129,31,16.42,5.18,16:25,5:10,10:00:00,2024-06-27T10:45
13,Laval,CISSS DE LAVAL,HÔPITAL DE LA CITÉ-DE-LA-SANTÉ,51228757,49,79,6,1,129,31,16.42,5.18,16:25,5:10,10:00:00,2024-06-27T10:45
14,Lanaudière,Total régional,Total régional, ,69,106,25,3,164,27,18.0675,5.68425287356321,18:04,5:41,10:00:00,2024-06-27T10:45
14,Lanaudière,CISSS DE LANAUDIÈRE,HÔPITAL PIERRE-LE GARDEUR,51228062,36,59,18,2,89,13,20.07,5.99,20:04,5:59,10:00:00,2024-06-27T10:45
14,Lanaudière,CISSS DE LANAUDIÈRE,HÔPITAL DE LANAUDIÈRE ET CENTRE D'HÉBERGEMENT PARPHILIA-FERLAND,51244945,33,47,7,1,75,14,16.47,5.29,16:28,5:17,10:00:00,2024-06-27T10:45
15,Laurentides,Total régional,Total régional, ,68,86,17,1,164,57,19.1560135135135,8.02314381270903,19:09,8:01,10:00:00,2024-06-27T10:45
15,Laurentides,CISSS DES LAURENTIDES,HÔPITAL DE MONT-LAURIER,51217610,5,13,2,0,24,11,20.52,8.97,20:31,8:58,10:00:00,2024-06-27T10:45
15,Laurentides,CISSS DES LAURENTIDES,CENTRE MULTISERVICES DE SANTÉ ET DE SERVICES SOCIAUX DE RIVIÈRE-ROUGE,51217628,5,10,3,1,16,7,20.58,6.68,20:34,6:40,10:00:00,2024-06-27T10:45
15,Laurentides,CISSS DES LAURENTIDES,HÔPITAL DE SAINT-EUSTACHE,51228864,32,46,12,0,67,7,17.6,8.86,17:36,8:51,10:00:00,2024-06-27T10:45
15,Laurentides,CISSS DES LAURENTIDES,HÔPITAL DE SAINT-JÉRÔME,51228880,"pas d'information disponible","pas d'information disponible","pas d'information disponible","pas d'information disponible","pas d'information disponible","pas d'information disponible","pas d'information disponible","pas d'information disponible", , ,10:00:00,2024-06-27T10:45
15,Laurentides,CISSS DES LAURENTIDES,CENTRE MULTISERVICES DE SANTÉ ET DE SERVICES SOCIAUX D'ARGENTEUIL,51245306,8,1,0,0,16,12,20.9,5.71,20:54,5:42,10:00:00,2024-06-27T10:45
15,Laurentides,CISSS DES LAURENTIDES,CENTRE MULTISERVICES DE SANTÉ ET DE SERVICES SOCIAUX DE SAINTE-AGATHE,51246874,18,16,0,0,41,20,20.17,7.85,20:10,7:51,10:00:00,2024-06-27T10:45
16,Montérégie,Total régional,Total régional, ,239,307,112,35,530,159,18.7503,6.60737960339943,18:45,6:36,10:00:00,2024-06-27T10:45
16,Montérégie,CISSS DE LA MONTÉRÉGIE-OUEST,HÔPITAL BARRIE MEMORIAL / BARRIE MEMORIAL HOSPITAL,51228005,5,5,0,0,24,18,14.39,4.77,14:23,4:46,10:00:00,2024-06-27T10:45
16,Montérégie,CISSS DE LA MONTÉRÉGIE-EST,HÔPITAL PIERRE-BOUCHER,51229011,47,58,15,7,84,22,15.9,4.88,15:54,4:52,10:00:00,2024-06-27T10:45
16,Montérégie,CISSS DE LA MONTÉRÉGIE-CENTRE,HÔPITAL DU HAUT-RICHELIEU,51229045,37,48,27,16,79,21,21.54,8.6,21:32,8:36,10:00:00,2024-06-27T10:45
16,Montérégie,CISSS DE LA MONTÉRÉGIE-EST,HÔTEL-DIEU DE SOREL,51229102,17,31,14,0,54,17,25.53,6.35,25:31,6:21,10:00:00,2024-06-27T10:45
16,Montérégie,CISSS DE LA MONTÉRÉGIE-OUEST,HÔPITAL DU SUROÎT,51229136,32,47,21,10,70,14,19.84,6.13,19:50,6:07,10:00:00,2024-06-27T10:45
16,Montérégie,CISSS DE LA MONTÉRÉGIE-OUEST,HÔPITAL ANNA-LABERGE,51229151,32,38,13,1,59,16,17.28,4.83,17:16,4:49,10:00:00,2024-06-27T10:45
16,Montérégie,CISSS DE LA MONTÉRÉGIE-EST,HÔPITAL HONORÉ-MERCIER,51229193,26,38,12,1,69,23,18.23,8.21,18:13,8:12,10:00:00,2024-06-27T10:45
16,Montérégie,CISSS DE LA MONTÉRÉGIE-CENTRE,HÔPITAL CHARLES-LE MOYNE,51233799,43,42,10,0,91,28,19.38,6.06,19:22,6:03,10:00:00,2024-06-27T10:45
99,Ensemble du Québec,Ensemble du Québec,Ensemble du Québec, ,1895,2155,477,105,3896,1153,15.9808142269253,5.27810240092565,15:58,5:16,10:00:00,2024-06-27T10:45
