RSS,Region,Nom_etablissement,Nom_installation,No_permis_installation,Nombre_de_civieres_fonctionnelles 						,Nombre_de_civieres_occupees,Nombre_de_patients_sur_civiere_plus_de_24_heures,Nombre_de_patients_sur_civiere_plus_de_48_heures						,Nombre_total_de_patients_presents_a_lurgence,Nombre_total_de_patients_en_attente_de_PEC,DMS_sur_civiere,DMS_ambulatoire						,DMS_sur_civiere_horaire,DMS_ambulatoire_horaire,Heure_de_l'extraction_(image), Mise_a_jour
01,Bas-Saint-Laurent,Total régional,Total régional, ,52,34,1,0,59,17,10.6851724137931,4.14263157894736,10:41,4:08,03:00:00,2024-08-10T3:45
01,Bas-Saint-Laurent,CISSS DU BAS-SAINT-LAURENT,CENTRE HOSPITALIER RÉGIONAL DU GRAND-PORTAGE,51218352,9,6,0,0,7,1,7.86,4.64,7:51,4:38,03:00:00,2024-08-10T3:45
01,Bas-Saint-Laurent,CISSS DU BAS-SAINT-LAURENT,HÔPITAL DE MATANE,51218980,7,4,0,0,8,0,13.08,5.97,13:04,5:58,03:00:00,2024-08-10T3:45
01,Bas-Saint-Laurent,CISSS DU BAS-SAINT-LAURENT,CLSC DE POHÉNÉGAMOOK,51219418,3,1,0,0,1,0,5.12,1.01,5:07,1:00,03:00:00,2024-08-10T3:45
01,Bas-Saint-Laurent,CISSS DU BAS-SAINT-LAURENT,HÔPITAL NOTRE-DAME-DE-FATIMA,51221141,7,4,0,0,4,0,9.09,3.4,9:05,3:24,03:00:00,2024-08-10T3:45
01,Bas-Saint-Laurent,CISSS DU BAS-SAINT-LAURENT,HÔPITAL DE NOTRE-DAME-DU-LAC,51221877,5,1,0,0,1,0,7.75,2.7,7:45,2:42,03:00:00,2024-08-10T3:45
01,Bas-Saint-Laurent,CISSS DU BAS-SAINT-LAURENT,HÔPITAL D'AMQUI,51226892,6,2,0,0,2,0,9.81,2.02,9:48,2:01,03:00:00,2024-08-10T3:45
01,Bas-Saint-Laurent,CISSS DU BAS-SAINT-LAURENT,HÔPITAL RÉGIONAL DE RIMOUSKI,51227882,12,15,1,0,33,16,13.87,6.44,13:52,6:26,03:00:00,2024-08-10T3:45
01,Bas-Saint-Laurent,CISSS DU BAS-SAINT-LAURENT,CENTRE MULTISERVICES DE SANTÉ ET DE SERVICES SOCIAUX DE TROIS-PISTOLES,51236156,3,1,0,0,3,0,6.42,2.86,6:25,2:51,03:00:00,2024-08-10T3:45
02,Saguenay-Lac-Saint-Jean,Total régional,Total régional, ,104,66,7,1,127,23,12.9181045751634,4.41214285714285,12:55,4:24,03:00:00,2024-08-10T3:45
02,Saguenay-Lac-Saint-Jean,CIUSSS DU SAGUENAY - LAC-SAINT-JEAN,HÔPITAL DE CHICOUTIMI,51218394,41,27,5,1,58,7,15.33,3.86,15:19,3:51,03:00:00,2024-08-10T3:45
02,Saguenay-Lac-Saint-Jean,CIUSSS DU SAGUENAY - LAC-SAINT-JEAN,HÔPITAL DE DOLBEAU-MISTASSINI,51219384,10,7,1,0,16,3,15.6,3.58,15:36,3:34,03:00:00,2024-08-10T3:45
02,Saguenay-Lac-Saint-Jean,CIUSSS DU SAGUENAY - LAC-SAINT-JEAN,HÔPITAL D'ALMA,51219400,17,3,0,0,13,4,6.44,4.22,6:26,4:13,03:00:00,2024-08-10T3:45
02,Saguenay-Lac-Saint-Jean,CIUSSS DU SAGUENAY - LAC-SAINT-JEAN,HÔPITAL DE LA BAIE,51221364,7,5,0,0,9,1,12.4,6.68,12:24,6:40,03:00:00,2024-08-10T3:45
02,Saguenay-Lac-Saint-Jean,CIUSSS DU SAGUENAY - LAC-SAINT-JEAN,HÔPITAL ET CENTRE DE RÉADAPTATION DE JONQUIÈRE,51224541,16,18,1,0,22,5,14.03,5.44,14:01,5:26,03:00:00,2024-08-10T3:45
02,Saguenay-Lac-Saint-Jean,CIUSSS DU SAGUENAY - LAC-SAINT-JEAN,HÔPITAL ET CENTRE D'HÉBERGEMENT DE ROBERVAL,51228203,13,6,0,0,9,3,12.07,4.18,12:04,4:10,03:00:00,2024-08-10T3:45
03,Capitale-Nationale,Total régional,Total régional, ,218,154,11,1,230,53,13.3615384615384,3.76087696335078,13:21,3:45,03:00:00,2024-08-10T3:45
03,Capitale-Nationale,CHU DE QUÉBEC - UNIVERSITÉ LAVAL,HÔPITAL DU SAINT-SACREMENT,51217529,22,17,1,0,27,8,10.61,3.15,10:36,3:09,03:00:00,2024-08-10T3:45
03,Capitale-Nationale,CHU DE QUÉBEC - UNIVERSITÉ LAVAL,L'HÔTEL-DIEU DE QUÉBEC,51217586,15,9,0,0,16,4,12.69,3.44,12:41,3:26,03:00:00,2024-08-10T3:45
03,Capitale-Nationale,CHU DE QUÉBEC - UNIVERSITÉ LAVAL,CENTRE HOSPITALIER DE L'UNIVERSITÉ LAVAL,51217594,43,29,0,0,50,17,11.46,4.73,11:27,4:43,03:00:00,2024-08-10T3:45
03,Capitale-Nationale,CHU DE QUÉBEC - UNIVERSITÉ LAVAL,HÔPITAL SAINT-FRANÇOIS D'ASSISE,51217602,34,28,3,0,37,9,17.41,7.46,17:24,7:27,03:00:00,2024-08-10T3:45
03,Capitale-Nationale,CIUSSS DE LA CAPITALE-NATIONALE,CENTRE MULTISERVICES DE SANTÉ ET DE SERVICES SOCIAUX CHAUVEAU,51225001,5,0,0,0,10,0,4.91,2.45,4:54,2:27,03:00:00,2024-08-10T3:45
03,Capitale-Nationale,CIUSSS DE LA CAPITALE-NATIONALE,CENTRE MULTISERVICES DE SANTÉ ET DE SERVICES SOCIAUX DE SAINTE-ANNE-DE-BEAUPRÉ,51225357,4,0,0,0,1,0,5.58,3.33,5:34,3:19,03:00:00,2024-08-10T3:45
03,Capitale-Nationale,CIUSSS DE LA CAPITALE-NATIONALE,HÔPITAL ET CLSC DE LA MALBAIE,51228690,9,1,0,0,2,0,8.21,2.13,8:12,2:07,03:00:00,2024-08-10T3:45
03,Capitale-Nationale,INSTITUT UNIVERSITAIRE DE CARDIOLOGIE ET DE PNEUMOLOGIE DE QUÉBEC - UNIVERSITÉ LAVAL,INSTITUT UNIVERSITAIRE DE CARDIOLOGIE ET DE PNEUMOLOGIE DE QUÉBEC,51232130,20,13,1,1,14,0,11.3,3.13,11:18,3:07,03:00:00,2024-08-10T3:45
03,Capitale-Nationale,CHU DE QUÉBEC - UNIVERSITÉ LAVAL,HÔPITAL DE L'ENFANT-JÉSUS,51233914,48,51,6,0,65,14,17.76,4.88,17:45,4:52,03:00:00,2024-08-10T3:45
03,Capitale-Nationale,CIUSSS DE LA CAPITALE-NATIONALE,CENTRE MULTISERVICES DE SANTÉ ET DE SERVICES SOCIAUX DE BAIE-SAINT-PAUL,51244804,8,4,0,0,4,0,11.28,3.67,11:16,3:40,03:00:00,2024-08-10T3:45
03,Capitale-Nationale,CIUSSS DE LA CAPITALE-NATIONALE,CENTRE MULTISERVICES DE SANTÉ ET DE SERVICES SOCIAUX DE SAINT-RAYMOND,51247302,7,1,0,0,2,0,6.84,2.75,6:50,2:45,03:00:00,2024-08-10T3:45
03,Capitale-Nationale,CIUSSS DE LA CAPITALE-NATIONALE,CENTRE MULTISERVICES DE SANTÉ ET DE SERVICES SOCIAUX DE SAINT-MARC-DES-CARRIÈRES,51247344,3,1,0,0,2,1,11.36,2.27,11:21,2:16,03:00:00,2024-08-10T3:45
04,Mauricie et Centre-du-Québec,Total régional,Total régional, ,118,89,3,0,154,60,11.7275,4.15067226890756,11:43,4:09,03:00:00,2024-08-10T3:45
04,Mauricie et Centre-du-Québec,CIUSSS DE LA MAURICIE-ET-DU-CENTRE-DU-QUÉBEC,CENTRE MULTISERVICES DE SANTÉ ET DE SERVICES SOCIAUX DE FORTIERVILLE,51219160,2,0,0,0,0,0,7.11,3.42,7:06,3:25,03:00:00,2024-08-10T3:45
04,Mauricie et Centre-du-Québec,CIUSSS DE LA MAURICIE-ET-DU-CENTRE-DU-QUÉBEC,CENTRE MULTISERVICES DE SANTÉ ET DE SERVICES SOCIAUX DU HAUT-SAINT-MAURICE,51219731,7,2,0,0,3,1,13.9,2.77,13:54,2:46,03:00:00,2024-08-10T3:45
04,Mauricie et Centre-du-Québec,CIUSSS DE LA MAURICIE-ET-DU-CENTRE-DU-QUÉBEC,HÔPITAL DU CENTRE-DE-LA-MAURICIE,51220051,19,11,1,0,17,2,10.35,4.36,10:21,4:21,03:00:00,2024-08-10T3:45
04,Mauricie et Centre-du-Québec,CIUSSS DE LA MAURICIE-ET-DU-CENTRE-DU-QUÉBEC,PAVILLON SAINTE-MARIE,51220168,45,36,1,0,53,14,15.51,4.46,15:30,4:27,03:00:00,2024-08-10T3:45
04,Mauricie et Centre-du-Québec,CIUSSS DE LA MAURICIE-ET-DU-CENTRE-DU-QUÉBEC,HÔTEL-DIEU D'ARTHABASKA,51228039,16,13,0,0,20,9,5.78,2.27,5:46,2:16,03:00:00,2024-08-10T3:45
04,Mauricie et Centre-du-Québec,CIUSSS DE LA MAURICIE-ET-DU-CENTRE-DU-QUÉBEC,HÔPITAL SAINTE-CROIX,51228781,19,21,1,0,44,27,12.48,7.12,12:28,7:07,03:00:00,2024-08-10T3:45
04,Mauricie et Centre-du-Québec,CIUSSS DE LA MAURICIE-ET-DU-CENTRE-DU-QUÉBEC,CENTRE MULTISERVICES DE SANTÉ ET DE SERVICES SOCIAUX AVELLIN-DALCOURT,51233583,4,3,0,0,14,7,9.34,4.03,9:20,4:01,03:00:00,2024-08-10T3:45
04,Mauricie et Centre-du-Québec,CIUSSS DE LA MAURICIE-ET-DU-CENTRE-DU-QUÉBEC,CENTRE MULTISERVICES DE SANTÉ ET DE SERVICES SOCIAUX CHRIST-ROI,51246338,6,3,0,0,3,0,9.35,2.78,9:21,2:46,03:00:00,2024-08-10T3:45
05,Estrie,Total régional,Total régional, ,137,108,22,9,202,76,18.0822790697674,5.94536382536382,18:04,5:56,03:00:00,2024-08-10T3:45
05,Estrie,CIUSSS DE L'ESTRIE - CENTRE HOSPITALIER UNIVERSITAIRE DE SHERBROOKE,CHUS - HÔPITAL FLEURIMONT,51216687,28,16,1,0,38,16,14.23,7.46,14:13,7:27,03:00:00,2024-08-10T3:45
05,Estrie,CIUSSS DE L'ESTRIE - CENTRE HOSPITALIER UNIVERSITAIRE DE SHERBROOKE,CHUS - HÔTEL-DIEU DE SHERBROOKE,51216695,44,38,12,7,64,27,22.01,7.01,22:00,7:00,03:00:00,2024-08-10T3:45
05,Estrie,CIUSSS DE L'ESTRIE - CENTRE HOSPITALIER UNIVERSITAIRE DE SHERBROOKE,CENTRE MULTISERVICES DE SANTÉ ET DE SERVICES SOCIAUX DE MEMPHRÉMAGOG,51219046,11,8,1,0,13,4,12.95,3.38,12:57,3:22,03:00:00,2024-08-10T3:45
05,Estrie,CIUSSS DE L'ESTRIE - CENTRE HOSPITALIER UNIVERSITAIRE DE SHERBROOKE,CENTRE DE SANTÉ ET DE SERVICES SOCIAUX DU GRANIT,51223832,5,3,0,0,3,0,11.8,3.09,11:48,3:05,03:00:00,2024-08-10T3:45
05,Estrie,CIUSSS DE L'ESTRIE - CENTRE HOSPITALIER UNIVERSITAIRE DE SHERBROOKE,HÔPITAL DE GRANBY,51228120,20,27,8,2,47,13,27.68,10.02,27:40,10:01,03:00:00,2024-08-10T3:45
05,Estrie,CIUSSS DE L'ESTRIE - CENTRE HOSPITALIER UNIVERSITAIRE DE SHERBROOKE,HÔPITAL BROME-MISSISQUOI-PERKINS,51229185,16,14,0,0,26,10,15.36,4.51,15:21,4:30,03:00:00,2024-08-10T3:45
05,Estrie,CIUSSS DE L'ESTRIE - CENTRE HOSPITALIER UNIVERSITAIRE DE SHERBROOKE,CENTRE MULTISERVICES DE SANTÉ ET DE SERVICES SOCIAUX DES SOURCES,51247583,7,2,0,0,11,6,7.25,4.28,7:15,4:16,03:00:00,2024-08-10T3:45
05,Estrie,CIUSSS DE L'ESTRIE - CENTRE HOSPITALIER UNIVERSITAIRE DE SHERBROOKE,CENTRE MULTISERVICES DE SANTÉ ET DE SERVICES SOCIAUX DE LA MRC DE COATICOOK,51247617,6,0,0,0,0,0,2.77,2.92,2:46,2:55,03:00:00,2024-08-10T3:45
06,Montréal,Total régional,Total régional, ,568,538,117,45,820,230,18.8830129589632,5.34284960422163,18:52,5:20,03:00:00,2024-08-10T3:45
06,Montréal,CIUSSS DU NORD-DE-L'ÎLE-DE-MONTRÉAL,HÔPITAL DU SACRÉ-COEUR-DE-MONTRÉAL,12475976,46,47,12,1,77,25,19.15,6.76,19:09,6:45,03:00:00,2024-08-10T3:45
06,Montréal,CIUSSS DE L'EST-DE-L'ÎLE-DE-MONTRÉAL,HÔPITAL MAISONNEUVE-ROSEMONT,12934659,54,48,2,1,78,24,15.71,4.32,15:42,4:19,03:00:00,2024-08-10T3:45
06,Montréal,CIUSSS DU CENTRE-SUD-DE-L'ÎLE-DE-MONTRÉAL,HÔPITAL DE VERDUN,51218097,26,16,0,0,21,2,17.29,5.01,17:17,5:00,03:00:00,2024-08-10T3:45
06,Montréal,CENTRE HOSPITALIER UNIVERSITAIRE SAINTE-JUSTINE,CHU SAINTE-JUSTINE,51222800,16,3,0,0,10,6,5.6,2.36,5:36,2:21,03:00:00,2024-08-10T3:45
06,Montréal,CENTRE UNIVERSITAIRE DE SANTÉ MCGILL,L'HÔPITAL DE MONTRÉAL POUR ENFANTS,51223279,12,5,0,0,14,1,9.49,2.8,9:29,2:48,03:00:00,2024-08-10T3:45
06,Montréal,CENTRE UNIVERSITAIRE DE SANTÉ MCGILL,HÔPITAL ROYAL VICTORIA,51223295,33,59,27,14,87,27,31.55,9.05,31:33,9:03,03:00:00,2024-08-10T3:45
06,Montréal,CIUSSS DE L'OUEST-DE-L'ÎLE-DE-MONTRÉAL,HÔPITAL DE LASALLE,51224392,15,9,1,1,16,3,19.42,7.33,19:25,7:19,03:00:00,2024-08-10T3:45
06,Montréal,CIUSSS DE L'OUEST-DE-L'ÎLE-DE-MONTRÉAL,HÔPITAL GÉNÉRAL DU LAKESHORE,51228278,31,30,0,0,53,17,21.18,7.71,21:10,7:42,03:00:00,2024-08-10T3:45
06,Montréal,CENTRE UNIVERSITAIRE DE SANTÉ MCGILL,HÔPITAL DE LACHINE,51228310,14,18,14,10,22,3,70.9,5.33,70:54,5:19,03:00:00,2024-08-10T3:45
06,Montréal,CIUSSS DU NORD-DE-L'ÎLE-DE-MONTRÉAL,HÔPITAL FLEURY,51228492,18,19,3,0,30,13,21.93,4.22,21:55,4:13,03:00:00,2024-08-10T3:45
06,Montréal,CIUSSS DU NORD-DE-L'ÎLE-DE-MONTRÉAL,HÔPITAL JEAN-TALON,51228500,22,13,0,0,31,16,16.1,7.66,16:06,7:39,03:00:00,2024-08-10T3:45
06,Montréal,CIUSSS DE L'OUEST-DE-L'ÎLE-DE-MONTRÉAL,HÔPITAL DOUGLAS,51235190,8,4,0,0,4,0,16.29,3.59,16:17,3:35,03:00:00,2024-08-10T3:45
06,Montréal,CIUSSS DE L'EST-DE-L'ÎLE-DE-MONTRÉAL,INSTITUT UNIVERSITAIRE EN SANTÉ MENTALE DE MONTRÉAL,51235307,12,9,0,0,11,2,27.12,2.34,27:07,2:20,03:00:00,2024-08-10T3:45
06,Montréal,CIUSSS DE L'EST-DE-L'ÎLE-DE-MONTRÉAL,HÔPITAL SANTA CABRINI,51235919,38,49,15,3,64,16,26.2,5.03,26:12,5:01,03:00:00,2024-08-10T3:45
06,Montréal,CENTRE HOSPITALIER DE L'UNIVERSITÉ DE MONTRÉAL,CENTRE HOSPITALIER DE L'UNIVERSITÉ DE MONTRÉAL,51236297,51,54,5,1,98,33,20.15,5.84,20:09,5:50,03:00:00,2024-08-10T3:45
06,Montréal,CIUSSS DU CENTRE-SUD-DE-L'ÎLE-DE-MONTRÉAL,HÔPITAL NOTRE-DAME,51236313,35,38,4,0,59,25,20.72,5.34,20:43,5:20,03:00:00,2024-08-10T3:45
06,Montréal,INSTITUT DE CARDIOLOGIE DE MONTRÉAL,INSTITUT DE CARDIOLOGIE DE MONTRÉAL,51248201,22,5,0,0,6,1,17.15,2.55,17:09,2:33,03:00:00,2024-08-10T3:45
06,Montréal,CENTRE UNIVERSITAIRE DE SANTÉ MCGILL,HÔPITAL GÉNÉRAL DE MONTRÉAL,51248219,31,39,21,9,43,0,30.24,7.21,30:14,7:12,03:00:00,2024-08-10T3:45
06,Montréal,CIUSSS DE L'OUEST-DE-L'ÎLE-DE-MONTRÉAL,CENTRE HOSPITALIER DE ST. MARY,51248243,22,12,0,0,19,3,12.27,5.24,12:16,5:14,03:00:00,2024-08-10T3:45
06,Montréal,CIUSSS DU CENTRE-OUEST-DE-L'ÎLE-DE-MONTRÉAL,HÔPITAL GÉNÉRAL JUIF,51248250,53,55,13,5,71,13,13.84,3.48,13:50,3:28,03:00:00,2024-08-10T3:45
06,Montréal,CIUSSS DU NORD-DE-L'ÎLE-DE-MONTRÉAL,HÔPITAL EN SANTÉ MENTALE ALBERT-PRÉVOST,51848752,9,6,0,0,6,0,25.95,3.18,25:57,3:10,03:00:00,2024-08-10T3:45
07,Outaouais,Total régional,Total régional, ,83,78,9,3,133,56,19.52808,5.81179104477612,19:31,5:48,03:00:00,2024-08-10T3:45
07,Outaouais,CISSS DE L'OUTAOUAIS,HÔPITAL ET CHSLD DU PONTIAC,51219459,4,0,0,0,5,0,0,6.6,0:00,6:36,03:00:00,2024-08-10T3:45
07,Outaouais,CISSS DE L'OUTAOUAIS,CLSC ET CENTRE D'HÉBERGEMENT DE LA PETITE-NATION,51219491,2,0,0,0,0,0,4.91,1.82,4:54,1:49,03:00:00,2024-08-10T3:45
07,Outaouais,CISSS DE L'OUTAOUAIS,HÔPITAL DE GATINEAU,51221703,28,36,7,3,60,28,24.81,8.75,24:48,8:45,03:00:00,2024-08-10T3:45
07,Outaouais,CISSS DE L'OUTAOUAIS,HÔPITAL DE HULL,51221711,25,23,1,0,35,17,18.04,8.05,18:02,8:03,03:00:00,2024-08-10T3:45
07,Outaouais,CISSS DE L'OUTAOUAIS,HÔPITAL DE MANIWAKI,51221893,6,5,0,0,5,0,12.39,5.86,12:23,5:51,03:00:00,2024-08-10T3:45
07,Outaouais,CISSS DE L'OUTAOUAIS,HÔPITAL ET CHSLD MÉMORIAL DE WAKEFIELD / WAKEFIELD MEMORIAL HOSPITAL,51228799,4,2,0,0,4,1,32.9,3.1,32:54,3:06,03:00:00,2024-08-10T3:45
07,Outaouais,CISSS DE L'OUTAOUAIS,HÔPITAL ET CHSLD DE PAPINEAU,51228823,12,12,1,0,22,8,16.01,6.22,16:00,6:13,03:00:00,2024-08-10T3:45
07,Outaouais,CISSS DE L'OUTAOUAIS,CENTRE MULTISERVICES DE SANTÉ ET DE SERVICES SOCIAUX DE MANSFIELD-ET-PONTEFRACT,51245058,2,0,0,0,2,2,0,3.4,0:00,3:24,03:00:00,2024-08-10T3:45
08,Abitibi-Témiscamingue,Total régional,Total régional, ,37,25,1,0,83,39,12.9816129032258,5.54209964412811,12:58,5:32,03:00:00,2024-08-10T3:45
08,Abitibi-Témiscamingue,CISSS DE L'ABITIBI-TÉMISCAMINGUE,HÔPITAL DE VAL-D'OR,51225589,11,8,0,0,17,5,19.77,4.44,19:46,4:26,03:00:00,2024-08-10T3:45
08,Abitibi-Témiscamingue,CISSS DE L'ABITIBI-TÉMISCAMINGUE,HÔPITAL D'AMOS,51228906,7,6,0,0,8,2,11.04,3.65,11:02,3:39,03:00:00,2024-08-10T3:45
08,Abitibi-Témiscamingue,CISSS DE L'ABITIBI-TÉMISCAMINGUE,HÔPITAL DE ROUYN-NORANDA,51228922,8,5,0,0,33,25,13.06,8.86,13:03,8:51,03:00:00,2024-08-10T3:45
08,Abitibi-Témiscamingue,CISSS DE L'ABITIBI-TÉMISCAMINGUE,CENTRE MULTISERVICES DE SANTÉ ET DE SERVICES SOCIAUX DE TÉMISCAMING-KIPAWA,51247476,1,0,0,0,2,0,16.35,3.54,16:21,3:32,03:00:00,2024-08-10T3:45
08,Abitibi-Témiscamingue,CISSS DE L'ABITIBI-TÉMISCAMINGUE,CENTRE MULTISERVICES DE SANTÉ ET DE SERVICES SOCIAUX DE VILLE-MARIE,51247542,5,1,0,0,7,2,6.42,5.05,6:25,5:03,03:00:00,2024-08-10T3:45
08,Abitibi-Témiscamingue,CISSS DE L'ABITIBI-TÉMISCAMINGUE,CENTRE MULTISERVICES DE SANTÉ ET DE SERVICES SOCIAUX DE LA SARRE,51247559,5,5,1,0,16,5,10.41,4.19,10:24,4:11,03:00:00,2024-08-10T3:45
09,Côte-Nord,Total régional,Total régional, ,41,17,1,0,53,30,9.3439344262295,3.61354066985646,9:20,3:36,03:00:00,2024-08-10T3:45
09,Côte-Nord,CISSS DE LA CÔTE-NORD,CENTRE MULTISERVICES DE SANTÉ ET DE SERVICES SOCIAUX DES ESCOUMINS,51218733,3,1,0,0,1,0,7.05,1.85,7:03,1:51,03:00:00,2024-08-10T3:45
09,Côte-Nord,CISSS DE LA CÔTE-NORD,CENTRE MULTISERVICES DE SANTÉ ET DE SERVICES SOCIAUX DE FORESTVILLE,51218741,5,2,0,0,3,0,17.75,3.93,17:45,3:55,03:00:00,2024-08-10T3:45
09,Côte-Nord,CISSS DE LA CÔTE-NORD,CLSC ET HÔPITAL LE ROYER,51228765,10,7,1,0,15,8,8.22,3.62,8:13,3:37,03:00:00,2024-08-10T3:45
09,Côte-Nord,CISSS DE LA CÔTE-NORD,HÔPITAL ET CLSC DE SEPT-ÎLES,51232023,10,7,0,0,23,13,13.15,5.78,13:09,5:46,03:00:00,2024-08-10T3:45
09,Côte-Nord,CISSS DE LA CÔTE-NORD,CENTRE MULTISERVICES DE SANTÉ ET DE SERVICES SOCIAUX DE FERMONT,51245108,2,0,0,0,9,9,3.44,2.78,3:26,2:46,03:00:00,2024-08-10T3:45
09,Côte-Nord,CISSS DE LA CÔTE-NORD,CENTRE MULTISERVICES DE SANTÉ ET DE SERVICES SOCIAUX DE LA MINGANIE,51245116,2,0,0,0,1,0,5.12,2.17,5:07,2:10,03:00:00,2024-08-10T3:45
09,Côte-Nord,CISSS DE LA CÔTE-NORD,CENTRE MULTISERVICES DE SANTÉ ET DE SERVICES SOCIAUX DE PORT-CARTIER,51245132,5,0,0,0,1,0,7.14,3.97,7:08,3:58,03:00:00,2024-08-10T3:45
09,Côte-Nord,CISSS DE LA CÔTE-NORD,CENTRE MULTISERVICES DE SANTÉ ET DE SERVICES SOCIAUX DE LA BASSE-CÔTE-NORD,51245140,4,0,0,0,0,0,1.11,1.32,1:06,1:19,03:00:00,2024-08-10T3:45
11,Gaspésie-Îles-de-la-Madeleine,Total régional,Total régional, ,44,16,2,0,31,10,12.4629824561403,3.25551181102362,12:27,3:15,03:00:00,2024-08-10T3:45
11,Gaspésie-Îles-de-la-Madeleine,CISSS DE LA GASPÉSIE,HÔPITAL DE GASPÉ,51220903,6,2,0,0,2,0,10.12,2.48,10:07,2:28,03:00:00,2024-08-10T3:45
11,Gaspésie-Îles-de-la-Madeleine,CISSS DE LA GASPÉSIE,CLSC ET CENTRE DE SERVICES AMBULATOIRES DE PASPÉBIAC,51220978,4,2,0,0,4,0,7.73,6,7:43,6:00,03:00:00,2024-08-10T3:45
11,Gaspésie-Îles-de-la-Madeleine,CISSS DE LA GASPÉSIE,CLSC ET CENTRE DE SERVICES AMBULATOIRES DE MURDOCHVILLE,51221307,2,0,0,0,0,0,0,2.14,0:00,2:08,03:00:00,2024-08-10T3:45
11,Gaspésie-Îles-de-la-Madeleine,CISSS DE LA GASPÉSIE,HÔPITAL DE CHANDLER,51227775,8,7,0,0,16,9,12.46,3.64,12:27,3:38,03:00:00,2024-08-10T3:45
11,Gaspésie-Îles-de-la-Madeleine,CISSS DES ÎLES,HÔPITAL DE L'ARCHIPEL,51227783,6,0,0,0,2,0,7.36,3.43,7:21,3:25,03:00:00,2024-08-10T3:45
11,Gaspésie-Îles-de-la-Madeleine,CISSS DE LA GASPÉSIE,HÔPITAL ET GROUPE DE MÉDECINE DE FAMILLE UNIVERSITAIRE DE MARIA,51227908,10,2,0,0,4,1,12.22,2.23,12:13,2:13,03:00:00,2024-08-10T3:45
11,Gaspésie-Îles-de-la-Madeleine,CISSS DE LA GASPÉSIE,CENTRE MULTISERVICES DE SANTÉ ET DE SERVICES SOCIAUX DE GRANDE-VALLÉE,51247732,2,0,0,0,0,0,19.48,2.55,19:28,2:33,03:00:00,2024-08-10T3:45
11,Gaspésie-Îles-de-la-Madeleine,CISSS DE LA GASPÉSIE,HÔPITAL ET CLSC DE SAINTE-ANNE-DES-MONTS,51247799,6,3,2,0,3,0,20.33,2.86,20:19,2:51,03:00:00,2024-08-10T3:45
12,Chaudière-Appalaches,Total régional,Total régional, ,84,59,11,3,89,13,19.5958433734939,3.66049907578558,19:35,3:39,03:00:00,2024-08-10T3:45
12,Chaudière-Appalaches,CISSS DE CHAUDIÈRE-APPALACHES,HÔTEL-DIEU DE LÉVIS,51227569,43,32,9,3,42,1,28.11,3.06,28:06,3:03,03:00:00,2024-08-10T3:45
12,Chaudière-Appalaches,CISSS DE CHAUDIÈRE-APPALACHES,HÔPITAL DE SAINT-GEORGES,51228971,21,12,1,0,22,10,12.46,5.29,12:27,5:17,03:00:00,2024-08-10T3:45
12,Chaudière-Appalaches,CISSS DE CHAUDIÈRE-APPALACHES,CHSLD ET HÔPITAL PAUL-GILBERT,51245199,0,0,0,0,0,0,0,3.11,0:00,3:06,03:00:00,2024-08-10T3:45
12,Chaudière-Appalaches,CISSS DE CHAUDIÈRE-APPALACHES,HÔPITAL DE MONTMAGNY,51245223,10,5,0,0,9,2,9.29,2.46,9:17,2:27,03:00:00,2024-08-10T3:45
12,Chaudière-Appalaches,CISSS DE CHAUDIÈRE-APPALACHES,HÔPITAL DE THETFORD,51245231,10,10,1,0,16,0,13.15,4.47,13:09,4:28,03:00:00,2024-08-10T3:45
13,Laval,Total régional,Total régional, ,49,54,7,1,110,47,18.24,7.59,18:14,7:35,03:00:00,2024-08-10T3:45
13,Laval,CISSS DE LAVAL,HÔPITAL DE LA CITÉ-DE-LA-SANTÉ,51228757,49,54,7,1,110,47,18.24,7.59,18:14,7:35,03:00:00,2024-08-10T3:45
14,Lanaudière,Total régional,Total régional, ,69,78,9,0,189,104,16.5184931506849,6.83004048582996,16:31,6:49,03:00:00,2024-08-10T3:45
14,Lanaudière,CISSS DE LANAUDIÈRE,HÔPITAL PIERRE-LE GARDEUR,51228062,36,51,6,0,105,55,20.85,6.4,20:51,6:24,03:00:00,2024-08-10T3:45
14,Lanaudière,CISSS DE LANAUDIÈRE,HÔPITAL DE LANAUDIÈRE ET CENTRE D'HÉBERGEMENT PARPHILIA-FERLAND,51244945,33,27,3,0,84,49,11.55,7.34,11:33,7:20,03:00:00,2024-08-10T3:45
15,Laurentides,Total régional,Total régional, ,115,165,50,15,260,85,24.5693969849246,7.41516209476309,24:34,7:24,03:00:00,2024-08-10T3:45
15,Laurentides,CISSS DES LAURENTIDES,HÔPITAL DE MONT-LAURIER,51217610,5,6,0,0,17,10,14.29,9.51,14:17,9:30,03:00:00,2024-08-10T3:45
15,Laurentides,CISSS DES LAURENTIDES,CENTRE MULTISERVICES DE SANTÉ ET DE SERVICES SOCIAUX DE RIVIÈRE-ROUGE,51217628,5,4,1,0,5,0,16.39,4.69,16:23,4:41,03:00:00,2024-08-10T3:45
15,Laurentides,CISSS DES LAURENTIDES,HÔPITAL DE SAINT-EUSTACHE,51228864,32,46,7,0,86,34,19.29,8.44,19:17,8:26,03:00:00,2024-08-10T3:45
15,Laurentides,CISSS DES LAURENTIDES,HÔPITAL DE SAINT-JÉRÔME,51228880,47,64,26,10,92,29,35.33,7.3,35:19,7:18,03:00:00,2024-08-10T3:45
15,Laurentides,CISSS DES LAURENTIDES,CENTRE MULTISERVICES DE SANTÉ ET DE SERVICES SOCIAUX D'ARGENTEUIL,51245306,8,10,2,1,13,3,19.16,7.08,19:09,7:04,03:00:00,2024-08-10T3:45
15,Laurentides,CISSS DES LAURENTIDES,CENTRE MULTISERVICES DE SANTÉ ET DE SERVICES SOCIAUX DE SAINTE-AGATHE,51246874,18,35,14,4,47,9,17.44,6.74,17:26,6:44,03:00:00,2024-08-10T3:45
16,Montérégie,Total régional,Total régional, ,239,268,76,31,491,155,21.4821522309711,6.37418124006359,21:28,6:22,03:00:00,2024-08-10T3:45
16,Montérégie,CISSS DE LA MONTÉRÉGIE-OUEST,HÔPITAL BARRIE MEMORIAL / BARRIE MEMORIAL HOSPITAL,51228005,5,1,0,0,20,18,20.71,5.9,20:42,5:54,03:00:00,2024-08-10T3:45
16,Montérégie,CISSS DE LA MONTÉRÉGIE-EST,HÔPITAL PIERRE-BOUCHER,51229011,47,51,20,11,96,39,21.66,7.29,21:39,7:17,03:00:00,2024-08-10T3:45
16,Montérégie,CISSS DE LA MONTÉRÉGIE-CENTRE,HÔPITAL DU HAUT-RICHELIEU,51229045,37,47,19,10,71,18,31.51,8.07,31:30,8:04,03:00:00,2024-08-10T3:45
16,Montérégie,CISSS DE LA MONTÉRÉGIE-EST,HÔTEL-DIEU DE SOREL,51229102,17,10,1,0,19,0,12.24,4.56,12:14,4:33,03:00:00,2024-08-10T3:45
16,Montérégie,CISSS DE LA MONTÉRÉGIE-OUEST,HÔPITAL DU SUROÎT,51229136,32,45,12,1,53,4,14.28,4.78,14:16,4:46,03:00:00,2024-08-10T3:45
16,Montérégie,CISSS DE LA MONTÉRÉGIE-OUEST,HÔPITAL ANNA-LABERGE,51229151,32,56,15,7,108,29,28.32,8.8,28:19,8:48,03:00:00,2024-08-10T3:45
16,Montérégie,CISSS DE LA MONTÉRÉGIE-EST,HÔPITAL HONORÉ-MERCIER,51229193,26,21,5,1,44,16,18.7,7.22,18:42,7:13,03:00:00,2024-08-10T3:45
16,Montérégie,CISSS DE LA MONTÉRÉGIE-CENTRE,HÔPITAL CHARLES-LE MOYNE,51233799,43,37,4,1,80,31,19.47,5.32,19:28,5:19,03:00:00,2024-08-10T3:45
99,Ensemble du Québec,Ensemble du Québec,Ensemble du Québec, ,1958,1749,327,109,3031,998,17.4235184620079,5.11811455506356,17:25,5:07,03:00:00,2024-08-10T3:45
