RSS,Region,Nom_etablissement,Nom_installation,No_permis_installation,Nombre_de_civieres_fonctionnelles 						,Nombre_de_civieres_occupees,Nombre_de_patients_sur_civiere_plus_de_24_heures,Nombre_de_patients_sur_civiere_plus_de_48_heures						,Nombre_total_de_patients_presents_a_lurgence,Nombre_total_de_patients_en_attente_de_PEC,DMS_sur_civiere,DMS_ambulatoire						,DMS_sur_civiere_horaire,DMS_ambulatoire_horaire,Heure_de_l'extraction_(image), Mise_a_jour
01,Bas-Saint-Laurent,Total régional,Total régional, ,52,22,0,0,86,38,8.15855769230769,2.78203389830508,8:09,2:46,13:00:00,2024-02-17T13:45
01,Bas-Saint-Laurent,CISSS DU BAS-SAINT-LAURENT,CENTRE HOSPITALIER RÉGIONAL DU GRAND-PORTAGE,51218352,9,2,0,0,10,3,8.11,3.11,8:06,3:06,13:00:00,2024-02-17T13:45
01,Bas-Saint-Laurent,CISSS DU BAS-SAINT-LAURENT,HÔPITAL DE MATANE,51218980,7,4,0,0,11,6,6.59,3.91,6:35,3:54,13:00:00,2024-02-17T13:45
01,Bas-Saint-Laurent,CISSS DU BAS-SAINT-LAURENT,CLSC DE POHÉNÉGAMOOK,51219418,3,0,0,0,4,2,17.92,0.89,17:55,0:53,13:00:00,2024-02-17T13:45
01,Bas-Saint-Laurent,CISSS DU BAS-SAINT-LAURENT,HÔPITAL NOTRE-DAME-DE-FATIMA,51221141,7,2,0,0,19,11,9.26,2.76,9:15,2:45,13:00:00,2024-02-17T13:45
01,Bas-Saint-Laurent,CISSS DU BAS-SAINT-LAURENT,HÔPITAL DE NOTRE-DAME-DU-LAC,51221877,5,2,0,0,3,1,8.03,2.86,8:01,2:51,13:00:00,2024-02-17T13:45
01,Bas-Saint-Laurent,CISSS DU BAS-SAINT-LAURENT,HÔPITAL D'AMQUI,51226892,6,4,0,0,10,5,6.55,4.47,6:33,4:28,13:00:00,2024-02-17T13:45
01,Bas-Saint-Laurent,CISSS DU BAS-SAINT-LAURENT,HÔPITAL RÉGIONAL DE RIMOUSKI,51227882,12,5,0,0,23,9,10.26,2.84,10:15,2:50,13:00:00,2024-02-17T13:45
01,Bas-Saint-Laurent,CISSS DU BAS-SAINT-LAURENT,CENTRE MULTISERVICES DE SANTÉ ET DE SERVICES SOCIAUX DE TROIS-PISTOLES,51236156,3,3,0,0,6,1,2.06,2.25,2:03,2:15,13:00:00,2024-02-17T13:45
02,Saguenay-Lac-Saint-Jean,Total régional,Total régional, ,104,68,5,0,183,89,10.3834972677595,3.70038585209003,10:23,3:42,13:00:00,2024-02-17T13:45
02,Saguenay-Lac-Saint-Jean,CIUSSS DU SAGUENAY - LAC-SAINT-JEAN,HÔPITAL DE CHICOUTIMI,51218394,41,32,4,0,67,25,13.17,3.04,13:10,3:02,13:00:00,2024-02-17T13:45
02,Saguenay-Lac-Saint-Jean,CIUSSS DU SAGUENAY - LAC-SAINT-JEAN,HÔPITAL DE DOLBEAU-MISTASSINI,51219384,10,5,0,0,20,10,7.33,3.12,7:19,3:07,13:00:00,2024-02-17T13:45
02,Saguenay-Lac-Saint-Jean,CIUSSS DU SAGUENAY - LAC-SAINT-JEAN,HÔPITAL D'ALMA,51219400,17,4,0,0,30,19,6.73,3.68,6:43,3:40,13:00:00,2024-02-17T13:45
02,Saguenay-Lac-Saint-Jean,CIUSSS DU SAGUENAY - LAC-SAINT-JEAN,HÔPITAL DE LA BAIE,51221364,7,6,0,0,17,12,9.64,3.66,9:38,3:39,13:00:00,2024-02-17T13:45
02,Saguenay-Lac-Saint-Jean,CIUSSS DU SAGUENAY - LAC-SAINT-JEAN,HÔPITAL ET CENTRE DE RÉADAPTATION DE JONQUIÈRE,51224541,16,15,1,0,29,12,10.59,4.88,10:35,4:52,13:00:00,2024-02-17T13:45
02,Saguenay-Lac-Saint-Jean,CIUSSS DU SAGUENAY - LAC-SAINT-JEAN,HÔPITAL ET CENTRE D'HÉBERGEMENT DE ROBERVAL,51228203,13,6,0,0,20,11,6.17,4.24,6:10,4:14,13:00:00,2024-02-17T13:45
03,Capitale-Nationale,Total régional,Total régional, ,198,190,46,2,373,121,14.7544545454545,4.21894259818731,14:45,4:13,13:00:00,2024-02-17T13:45
03,Capitale-Nationale,CHU DE QUÉBEC - UNIVERSITÉ LAVAL,HÔPITAL DU SAINT-SACREMENT,51217529,22,27,6,1,39,1,22.77,2.95,22:46,2:57,13:00:00,2024-02-17T13:45
03,Capitale-Nationale,CHU DE QUÉBEC - UNIVERSITÉ LAVAL,L'HÔTEL-DIEU DE QUÉBEC,51217586,15,5,0,0,20,11,9.97,2.5,9:58,2:30,13:00:00,2024-02-17T13:45
03,Capitale-Nationale,CHU DE QUÉBEC - UNIVERSITÉ LAVAL,CENTRE HOSPITALIER DE L'UNIVERSITÉ LAVAL,51217594,43,36,12,0,52,4,12.94,6.89,12:56,6:53,13:00:00,2024-02-17T13:45
03,Capitale-Nationale,CHU DE QUÉBEC - UNIVERSITÉ LAVAL,HÔPITAL SAINT-FRANÇOIS D'ASSISE,51217602,34,37,11,0,59,19,18.97,4.79,18:58,4:47,13:00:00,2024-02-17T13:45
03,Capitale-Nationale,CIUSSS DE LA CAPITALE-NATIONALE,CENTRE MULTISERVICES DE SANTÉ ET DE SERVICES SOCIAUX CHAUVEAU,51225001,5,1,0,0,36,20,4.23,3.03,4:13,3:01,13:00:00,2024-02-17T13:45
03,Capitale-Nationale,CIUSSS DE LA CAPITALE-NATIONALE,CENTRE MULTISERVICES DE SANTÉ ET DE SERVICES SOCIAUX DE SAINTE-ANNE-DE-BEAUPRÉ,51225357,4,2,0,0,15,11,7.82,2.96,7:49,2:57,13:00:00,2024-02-17T13:45
03,Capitale-Nationale,CIUSSS DE LA CAPITALE-NATIONALE,HÔPITAL ET CLSC DE LA MALBAIE,51228690,9,6,0,0,18,8,14.52,3.2,14:31,3:12,13:00:00,2024-02-17T13:45
03,Capitale-Nationale,INSTITUT UNIVERSITAIRE DE CARDIOLOGIE ET DE PNEUMOLOGIE DE QUÉBEC - UNIVERSITÉ LAVAL,INSTITUT UNIVERSITAIRE DE CARDIOLOGIE ET DE PNEUMOLOGIE DE QUÉBEC,51232130,"pas d'information disponible","pas d'information disponible","pas d'information disponible","pas d'information disponible","pas d'information disponible","pas d'information disponible","pas d'information disponible","pas d'information disponible", , ,13:00:00,2024-02-17T13:45
03,Capitale-Nationale,CHU DE QUÉBEC - UNIVERSITÉ LAVAL,HÔPITAL DE L'ENFANT-JÉSUS,51233914,48,63,15,1,90,19,16.42,4.85,16:25,4:51,13:00:00,2024-02-17T13:45
03,Capitale-Nationale,CIUSSS DE LA CAPITALE-NATIONALE,CENTRE MULTISERVICES DE SANTÉ ET DE SERVICES SOCIAUX DE BAIE-SAINT-PAUL,51244804,8,9,2,0,16,10,14.67,3.47,14:40,3:28,13:00:00,2024-02-17T13:45
03,Capitale-Nationale,CIUSSS DE LA CAPITALE-NATIONALE,CENTRE MULTISERVICES DE SANTÉ ET DE SERVICES SOCIAUX DE SAINT-RAYMOND,51247302,7,1,0,0,15,11,10.95,3.47,10:57,3:28,13:00:00,2024-02-17T13:45
03,Capitale-Nationale,CIUSSS DE LA CAPITALE-NATIONALE,CENTRE MULTISERVICES DE SANTÉ ET DE SERVICES SOCIAUX DE SAINT-MARC-DES-CARRIÈRES,51247344,3,3,0,0,13,7,5.86,3.73,5:51,3:43,13:00:00,2024-02-17T13:45
04,Mauricie et Centre-du-Québec,Total régional,Total régional, ,118,104,9,0,216,101,11.5032684824902,4.59680190930787,11:30,4:35,13:00:00,2024-02-17T13:45
04,Mauricie et Centre-du-Québec,CIUSSS DE LA MAURICIE-ET-DU-CENTRE-DU-QUÉBEC,CENTRE MULTISERVICES DE SANTÉ ET DE SERVICES SOCIAUX DE FORTIERVILLE,51219160,2,0,0,0,9,8,1.75,1.33,1:45,1:19,13:00:00,2024-02-17T13:45
04,Mauricie et Centre-du-Québec,CIUSSS DE LA MAURICIE-ET-DU-CENTRE-DU-QUÉBEC,CENTRE MULTISERVICES DE SANTÉ ET DE SERVICES SOCIAUX DU HAUT-SAINT-MAURICE,51219731,7,0,0,0,5,3,10.5,5.44,10:30,5:26,13:00:00,2024-02-17T13:45
04,Mauricie et Centre-du-Québec,CIUSSS DE LA MAURICIE-ET-DU-CENTRE-DU-QUÉBEC,HÔPITAL DU CENTRE-DE-LA-MAURICIE,51220051,19,13,0,0,29,11,10.27,4.84,10:16,4:50,13:00:00,2024-02-17T13:45
04,Mauricie et Centre-du-Québec,CIUSSS DE LA MAURICIE-ET-DU-CENTRE-DU-QUÉBEC,PAVILLON SAINTE-MARIE,51220168,45,39,6,0,65,26,15.26,5.12,15:15,5:07,13:00:00,2024-02-17T13:45
04,Mauricie et Centre-du-Québec,CIUSSS DE LA MAURICIE-ET-DU-CENTRE-DU-QUÉBEC,HÔTEL-DIEU D'ARTHABASKA,51228039,16,19,1,0,30,14,6.51,3.82,6:30,3:49,13:00:00,2024-02-17T13:45
04,Mauricie et Centre-du-Québec,CIUSSS DE LA MAURICIE-ET-DU-CENTRE-DU-QUÉBEC,HÔPITAL SAINTE-CROIX,51228781,19,28,1,0,49,19,11.85,4.83,11:51,4:49,13:00:00,2024-02-17T13:45
04,Mauricie et Centre-du-Québec,CIUSSS DE LA MAURICIE-ET-DU-CENTRE-DU-QUÉBEC,CENTRE MULTISERVICES DE SANTÉ ET DE SERVICES SOCIAUX AVELLIN-DALCOURT,51233583,4,3,1,0,17,12,8.86,4.51,8:51,4:30,13:00:00,2024-02-17T13:45
04,Mauricie et Centre-du-Québec,CIUSSS DE LA MAURICIE-ET-DU-CENTRE-DU-QUÉBEC,CENTRE MULTISERVICES DE SANTÉ ET DE SERVICES SOCIAUX CHRIST-ROI,51246338,6,2,0,0,12,8,11.67,5.77,11:40,5:46,13:00:00,2024-02-17T13:45
05,Estrie,Total régional,Total régional, ,133,148,32,11,298,114,14.4797854077253,5.63140167364016,14:28,5:37,13:00:00,2024-02-17T13:45
05,Estrie,CIUSSS DE L'ESTRIE - CENTRE HOSPITALIER UNIVERSITAIRE DE SHERBROOKE,CHUS - HÔPITAL FLEURIMONT,51216687,28,35,2,0,51,7,11.31,6.65,11:18,6:39,13:00:00,2024-02-17T13:45
05,Estrie,CIUSSS DE L'ESTRIE - CENTRE HOSPITALIER UNIVERSITAIRE DE SHERBROOKE,CHUS - HÔTEL-DIEU DE SHERBROOKE,51216695,44,49,12,7,69,17,13.65,7.53,13:39,7:31,13:00:00,2024-02-17T13:45
05,Estrie,CIUSSS DE L'ESTRIE - CENTRE HOSPITALIER UNIVERSITAIRE DE SHERBROOKE,CENTRE MULTISERVICES DE SANTÉ ET DE SERVICES SOCIAUX DE MEMPHRÉMAGOG,51219046,7,16,5,3,26,10,13.14,4.89,13:08,4:53,13:00:00,2024-02-17T13:45
05,Estrie,CIUSSS DE L'ESTRIE - CENTRE HOSPITALIER UNIVERSITAIRE DE SHERBROOKE,CENTRE DE SANTÉ ET DE SERVICES SOCIAUX DU GRANIT,51223832,5,5,0,0,18,12,10.23,2.98,10:13,2:58,13:00:00,2024-02-17T13:45
05,Estrie,CIUSSS DE L'ESTRIE - CENTRE HOSPITALIER UNIVERSITAIRE DE SHERBROOKE,HÔPITAL DE GRANBY,51228120,20,24,11,1,53,14,28.48,6.3,28:28,6:18,13:00:00,2024-02-17T13:45
05,Estrie,CIUSSS DE L'ESTRIE - CENTRE HOSPITALIER UNIVERSITAIRE DE SHERBROOKE,HÔPITAL BROME-MISSISQUOI-PERKINS,51229185,16,14,2,0,36,19,16.53,5.06,16:31,5:03,13:00:00,2024-02-17T13:45
05,Estrie,CIUSSS DE L'ESTRIE - CENTRE HOSPITALIER UNIVERSITAIRE DE SHERBROOKE,CENTRE MULTISERVICES DE SANTÉ ET DE SERVICES SOCIAUX DES SOURCES,51247583,7,3,0,0,23,19,8.67,5.39,8:40,5:23,13:00:00,2024-02-17T13:45
05,Estrie,CIUSSS DE L'ESTRIE - CENTRE HOSPITALIER UNIVERSITAIRE DE SHERBROOKE,CENTRE MULTISERVICES DE SANTÉ ET DE SERVICES SOCIAUX DE LA MRC DE COATICOOK,51247617,6,2,0,0,22,16,5.12,4.24,5:07,4:14,13:00:00,2024-02-17T13:45
06,Montréal,Total régional,Total régional, ,514,605,186,50,1097,319,20.0929838709677,5.39716216216216,20:05,5:23,13:00:00,2024-02-17T13:45
06,Montréal,CIUSSS DU NORD-DE-L'ÎLE-DE-MONTRÉAL,HÔPITAL DU SACRÉ-CŒUR DE MONTRÉAL,12475976,46,46,13,0,80,20,24.03,4.79,24:01,4:47,13:00:00,2024-02-17T13:45
06,Montréal,CIUSSS DE L'EST-DE-L'ÎLE-DE-MONTRÉAL,HÔPITAL MAISONNEUVE-ROSEMONT,12934659,"pas d'information disponible","pas d'information disponible","pas d'information disponible","pas d'information disponible","pas d'information disponible","pas d'information disponible","pas d'information disponible","pas d'information disponible", , ,13:00:00,2024-02-17T13:45
06,Montréal,CIUSSS DU CENTRE-SUD-DE-L'ÎLE-DE-MONTRÉAL,HÔPITAL DE VERDUN,51218097,26,27,2,0,44,9,17.19,4.41,17:11,4:24,13:00:00,2024-02-17T13:45
06,Montréal,CENTRE HOSPITALIER UNIVERSITAIRE SAINTE-JUSTINE,CHU SAINTE-JUSTINE,51222800,16,11,0,0,56,32,7.37,5.75,7:22,5:45,13:00:00,2024-02-17T13:45
06,Montréal,CENTRE UNIVERSITAIRE DE SANTÉ MCGILL,L'HÔPITAL DE MONTRÉAL POUR ENFANTS,51223279,12,11,1,0,92,37,9.78,6.42,9:46,6:25,13:00:00,2024-02-17T13:45
06,Montréal,CENTRE UNIVERSITAIRE DE SANTÉ MCGILL,HÔPITAL ROYAL VICTORIA,51223295,33,68,36,19,111,27,32.17,8.04,32:10,8:02,13:00:00,2024-02-17T13:45
06,Montréal,CIUSSS DE L'OUEST-DE-L'ÎLE-DE-MONTRÉAL,HÔPITAL DE LASALLE,51224392,15,14,3,0,29,13,27.4,3.26,27:24,3:15,13:00:00,2024-02-17T13:45
06,Montréal,CIUSSS DE L'OUEST-DE-L'ÎLE-DE-MONTRÉAL,HÔPITAL GÉNÉRAL DU LAKESHORE,51228278,31,45,24,11,65,16,27.85,5.06,27:51,5:03,13:00:00,2024-02-17T13:45
06,Montréal,CENTRE UNIVERSITAIRE DE SANTÉ MCGILL,HÔPITAL DE LACHINE,51228310,14,10,2,0,17,4,31.37,4.43,31:22,4:25,13:00:00,2024-02-17T13:45
06,Montréal,CIUSSS DU NORD-DE-L'ÎLE-DE-MONTRÉAL,HÔPITAL FLEURY,51228492,18,21,5,1,42,17,22.16,6.08,22:09,6:04,13:00:00,2024-02-17T13:45
06,Montréal,CIUSSS DU NORD-DE-L'ÎLE-DE-MONTRÉAL,HÔPITAL JEAN-TALON,51228500,22,23,3,0,39,11,16.79,5.2,16:47,5:12,13:00:00,2024-02-17T13:45
06,Montréal,CIUSSS DE L'OUEST-DE-L'ÎLE-DE-MONTRÉAL,HÔPITAL DOUGLAS,51235190,8,4,0,0,11,3,5.08,3.74,5:04,3:44,13:00:00,2024-02-17T13:45
06,Montréal,CIUSSS DE L'EST-DE-L'ÎLE-DE-MONTRÉAL,HÔPITAL DE SOINS PSYCHIATRIQUES DE L'EST-DE-MONTRÉAL,51235307,12,2,1,0,6,0,14.94,2.11,14:56,2:06,13:00:00,2024-02-17T13:45
06,Montréal,CIUSSS DE L'EST-DE-L'ÎLE-DE-MONTRÉAL,HÔPITAL SANTA CABRINI,51235919,38,36,11,3,61,15,22.98,5.18,22:58,5:10,13:00:00,2024-02-17T13:45
06,Montréal,CENTRE HOSPITALIER DE L'UNIVERSITÉ DE MONTRÉAL,CENTRE HOSPITALIER DE L'UNIVERSITÉ DE MONTRÉAL,51236297,51,67,22,5,111,29,22.52,7.08,22:31,7:04,13:00:00,2024-02-17T13:45
06,Montréal,CIUSSS DU CENTRE-SUD-DE-L'ÎLE-DE-MONTRÉAL,HÔPITAL NOTRE-DAME,51236313,35,34,9,1,55,13,21.46,5.36,21:27,5:21,13:00:00,2024-02-17T13:45
06,Montréal,INSTITUT DE CARDIOLOGIE DE MONTRÉAL,INSTITUT DE CARDIOLOGIE DE MONTRÉAL,51248201,22,12,2,0,24,11,20.88,3.77,20:52,3:46,13:00:00,2024-02-17T13:45
06,Montréal,CENTRE UNIVERSITAIRE DE SANTÉ MCGILL,HÔPITAL GÉNÉRAL DE MONTRÉAL,51248219,31,32,11,2,59,12,21.76,5.16,21:45,5:09,13:00:00,2024-02-17T13:45
06,Montréal,CIUSSS DE L'OUEST-DE-L'ÎLE-DE-MONTRÉAL,CENTRE HOSPITALIER DE ST. MARY,51248243,22,30,8,1,51,13,25.82,5.04,25:49,5:02,13:00:00,2024-02-17T13:45
06,Montréal,CIUSSS DU CENTRE-OUEST-DE-L'ÎLE-DE-MONTRÉAL,HÔPITAL GÉNÉRAL JUIF,51248250,53,101,28,4,132,37,16.87,2.88,16:52,2:52,13:00:00,2024-02-17T13:45
06,Montréal,CIUSSS DU NORD-DE-L'ÎLE-DE-MONTRÉAL,HÔPITAL EN SANTÉ MENTALE ALBERT-PRÉVOST,51848752,9,11,5,3,12,0,68.11,2.64,68:06,2:38,13:00:00,2024-02-17T13:45
07,Outaouais,Total régional,Total régional, ,83,83,41,14,173,45,23.9869902912621,4.82416382252559,23:59,4:49,13:00:00,2024-02-17T13:45
07,Outaouais,CISSS DE L'OUTAOUAIS,HÔPITAL ET CHSLD DU PONTIAC,51219459,4,3,0,0,5,0,3.71,2.14,3:42,2:08,13:00:00,2024-02-17T13:45
07,Outaouais,CISSS DE L'OUTAOUAIS,CLSC ET CENTRE D'HÉBERGEMENT DE LA PETITE-NATION,51219491,2,0,0,0,5,1,0,2.08,0:00,2:04,13:00:00,2024-02-17T13:45
07,Outaouais,CISSS DE L'OUTAOUAIS,HÔPITAL DE GATINEAU,51221703,28,29,15,5,65,22,19.29,6.28,19:17,6:16,13:00:00,2024-02-17T13:45
07,Outaouais,CISSS DE L'OUTAOUAIS,HÔPITAL DE HULL,51221711,25,33,19,9,56,13,31.81,6.76,31:48,6:45,13:00:00,2024-02-17T13:45
07,Outaouais,CISSS DE L'OUTAOUAIS,HÔPITAL DE MANIWAKI,51221893,6,2,0,0,9,4,9,2.2,9:00,2:12,13:00:00,2024-02-17T13:45
07,Outaouais,CISSS DE L'OUTAOUAIS,HÔPITAL ET CHSLD MÉMORIAL DE WAKEFIELD / WAKEFIELD MEMORIAL HOSPITAL,51228799,4,4,3,0,10,2,23.34,5.71,23:20,5:42,13:00:00,2024-02-17T13:45
07,Outaouais,CISSS DE L'OUTAOUAIS,HÔPITAL ET CHSLD DE PAPINEAU,51228823,12,10,4,0,15,3,26.98,3.87,26:58,3:52,13:00:00,2024-02-17T13:45
07,Outaouais,CISSS DE L'OUTAOUAIS,CENTRE MULTISERVICES DE SANTÉ ET DE SERVICES SOCIAUX DE MANSFIELD-ET-PONTEFRACT,51245058,2,2,0,0,8,0,0,0.81,0:00,0:48,13:00:00,2024-02-17T13:45
08,Abitibi-Témiscamingue,Total régional,Total régional, ,37,29,10,1,87,36,14.9480701754386,3.83489361702127,14:56,3:50,13:00:00,2024-02-17T13:45
08,Abitibi-Témiscamingue,CISSS DE L'ABITIBI-TÉMISCAMINGUE,HÔPITAL DE VAL-D'OR,51225589,11,11,6,0,22,5,16.15,2.35,16:09,2:21,13:00:00,2024-02-17T13:45
08,Abitibi-Témiscamingue,CISSS DE L'ABITIBI-TÉMISCAMINGUE,HÔPITAL D'AMOS,51228906,7,6,0,0,23,13,9.47,3.01,9:28,3:00,13:00:00,2024-02-17T13:45
08,Abitibi-Témiscamingue,CISSS DE L'ABITIBI-TÉMISCAMINGUE,HÔPITAL DE ROUYN-NORANDA,51228922,8,6,1,0,16,6,14.37,4.93,14:22,4:55,13:00:00,2024-02-17T13:45
08,Abitibi-Témiscamingue,CISSS DE L'ABITIBI-TÉMISCAMINGUE,CENTRE MULTISERVICES DE SANTÉ ET DE SERVICES SOCIAUX DE TÉMISCAMING-KIPAWA,51247476,1,0,0,0,0,0,13.07,1.11,13:04,1:06,13:00:00,2024-02-17T13:45
08,Abitibi-Témiscamingue,CISSS DE L'ABITIBI-TÉMISCAMINGUE,CENTRE MULTISERVICES DE SANTÉ ET DE SERVICES SOCIAUX DE VILLE-MARIE,51247542,5,2,0,0,8,4,6.76,5.93,6:45,5:55,13:00:00,2024-02-17T13:45
08,Abitibi-Témiscamingue,CISSS DE L'ABITIBI-TÉMISCAMINGUE,CENTRE MULTISERVICES DE SANTÉ ET DE SERVICES SOCIAUX DE LA SARRE,51247559,5,4,3,1,18,8,39.28,5.07,39:16,5:04,13:00:00,2024-02-17T13:45
09,Côte-Nord,Total régional,Total régional, ,41,39,20,9,125,58,16.8239655172413,4.18143518518518,16:49,4:10,13:00:00,2024-02-17T13:45
09,Côte-Nord,CISSS DE LA CÔTE-NORD,CENTRE MULTISERVICES DE SANTÉ ET DE SERVICES SOCIAUX DES ESCOUMINS,51218733,3,0,0,0,5,2,9.83,1.02,9:49,1:01,13:00:00,2024-02-17T13:45
09,Côte-Nord,CISSS DE LA CÔTE-NORD,CENTRE MULTISERVICES DE SANTÉ ET DE SERVICES SOCIAUX DE FORESTVILLE,51218741,5,2,0,0,14,8,4.55,3.19,4:33,3:11,13:00:00,2024-02-17T13:45
09,Côte-Nord,CISSS DE LA CÔTE-NORD,CLSC ET HÔPITAL LE ROYER,51228765,10,17,10,5,30,10,22.18,4.32,22:10,4:19,13:00:00,2024-02-17T13:45
09,Côte-Nord,CISSS DE LA CÔTE-NORD,HÔPITAL ET CLSC DE SEPT-ÎLES,51232023,10,14,8,3,34,16,25.66,7.24,25:39,7:14,13:00:00,2024-02-17T13:45
09,Côte-Nord,CISSS DE LA CÔTE-NORD,CENTRE MULTISERVICES DE SANTÉ ET DE SERVICES SOCIAUX DE FERMONT,51245108,2,2,1,0,13,2,0,3.47,0:00,3:28,13:00:00,2024-02-17T13:45
09,Côte-Nord,CISSS DE LA CÔTE-NORD,CENTRE MULTISERVICES DE SANTÉ ET DE SERVICES SOCIAUX DE LA MINGANIE,51245116,2,1,0,0,3,0,4.1,2.48,4:06,2:28,13:00:00,2024-02-17T13:45
09,Côte-Nord,CISSS DE LA CÔTE-NORD,CENTRE MULTISERVICES DE SANTÉ ET DE SERVICES SOCIAUX DE PORT-CARTIER,51245132,5,3,1,1,26,20,6.73,5.38,6:43,5:22,13:00:00,2024-02-17T13:45
09,Côte-Nord,CISSS DE LA CÔTE-NORD,CENTRE MULTISERVICES DE SANTÉ ET DE SERVICES SOCIAUX DE LA BASSE-CÔTE-NORD,51245140,4,0,0,0,0,0,2.67,4.45,2:40,4:27,13:00:00,2024-02-17T13:45
11,Gaspésie-Îles-de-la-Madeleine,Total régional,Total régional, ,44,24,2,0,77,34,10.1939655172413,4.60734767025089,10:11,4:36,13:00:00,2024-02-17T13:45
11,Gaspésie-Îles-de-la-Madeleine,CISSS DE LA GASPÉSIE,HÔPITAL DE GASPÉ,51220903,6,5,0,0,15,8,7.43,3.47,7:25,3:28,13:00:00,2024-02-17T13:45
11,Gaspésie-Îles-de-la-Madeleine,CISSS DE LA GASPÉSIE,CLSC ET CENTRE DE SERVICES AMBULATOIRES DE PASPÉBIAC,51220978,4,0,0,0,5,2,6.13,4.19,6:07,4:11,13:00:00,2024-02-17T13:45
11,Gaspésie-Îles-de-la-Madeleine,CISSS DE LA GASPÉSIE,CLSC ET CENTRE DE SERVICES AMBULATOIRES DE MURDOCHVILLE,51221307,2,0,0,0,0,0,0,2.45,0:00,2:27,13:00:00,2024-02-17T13:45
11,Gaspésie-Îles-de-la-Madeleine,CISSS DE LA GASPÉSIE,HÔPITAL DE CHANDLER,51227775,8,1,0,0,7,0,9.85,3.55,9:51,3:33,13:00:00,2024-02-17T13:45
11,Gaspésie-Îles-de-la-Madeleine,CISSS DES ÎLES,HÔPITAL DE L'ARCHIPEL,51227783,6,4,0,0,23,12,10.29,5.45,10:17,5:27,13:00:00,2024-02-17T13:45
11,Gaspésie-Îles-de-la-Madeleine,CISSS DE LA GASPÉSIE,HÔPITAL ET GROUPE DE MÉDECINE DE FAMILLE UNIVERSITAIRE DE MARIA,51227908,10,9,2,0,15,5,13.85,7.48,13:51,7:28,13:00:00,2024-02-17T13:45
11,Gaspésie-Îles-de-la-Madeleine,CISSS DE LA GASPÉSIE,CENTRE MULTISERVICES DE SANTÉ ET DE SERVICES SOCIAUX DE GRANDE-VALLÉE,51247732,2,0,0,0,2,2,0,1.61,0:00,1:36,13:00:00,2024-02-17T13:45
11,Gaspésie-Îles-de-la-Madeleine,CISSS DE LA GASPÉSIE,HÔPITAL ET CLSC DE SAINTE-ANNE-DES-MONTS,51247799,6,5,0,0,10,5,8.8,2.65,8:48,2:39,13:00:00,2024-02-17T13:45
12,Chaudière-Appalaches,Total régional,Total régional, ,84,101,22,0,273,115,15.7559217877094,3.90392452830188,15:45,3:54,13:00:00,2024-02-17T13:45
12,Chaudière-Appalaches,CISSS DE CHAUDIÈRE-APPALACHES,HÔTEL-DIEU DE LÉVIS,51227569,43,47,11,0,97,24,17.61,5.2,17:36,5:12,13:00:00,2024-02-17T13:45
12,Chaudière-Appalaches,CISSS DE CHAUDIÈRE-APPALACHES,HÔPITAL DE SAINT-GEORGES,51228971,21,28,7,0,59,31,16.61,4.57,16:36,4:34,13:00:00,2024-02-17T13:45
12,Chaudière-Appalaches,CISSS DE CHAUDIÈRE-APPALACHES,CHSLD ET HÔPITAL PAUL-GILBERT,51245199,0,0,0,0,42,34,0,2.58,0:00,2:34,13:00:00,2024-02-17T13:45
12,Chaudière-Appalaches,CISSS DE CHAUDIÈRE-APPALACHES,HÔPITAL DE MONTMAGNY,51245223,10,13,1,0,22,5,10.14,2.83,10:08,2:49,13:00:00,2024-02-17T13:45
12,Chaudière-Appalaches,CISSS DE CHAUDIÈRE-APPALACHES,HÔPITAL DE THETFORD,51245231,10,13,3,0,53,21,14.38,4.42,14:22,4:25,13:00:00,2024-02-17T13:45
13,Laval,Total régional,Total régional, ,49,61,14,2,103,19,18.03,5.49,18:01,5:29,13:00:00,2024-02-17T13:45
13,Laval,CISSS DE LAVAL,HÔPITAL DE LA CITÉ-DE-LA-SANTÉ,51228757,49,61,14,2,103,19,18.03,5.49,18:01,5:29,13:00:00,2024-02-17T13:45
14,Lanaudière,Total régional,Total régional, ,69,104,21,1,186,50,17.0292063492063,5.21875,17:01,5:13,13:00:00,2024-02-17T13:45
14,Lanaudière,CISSS DE LANAUDIÈRE,HÔPITAL PIERRE-LE GARDEUR,51228062,36,49,10,1,89,24,20.97,5.5,20:58,5:30,13:00:00,2024-02-17T13:45
14,Lanaudière,CISSS DE LANAUDIÈRE,HÔPITAL DE LANAUDIÈRE ET CENTRE D'HÉBERGEMENT PARPHILIA-FERLAND,51244945,33,55,11,0,97,26,12.83,4.9,12:49,4:54,13:00:00,2024-02-17T13:45
15,Laurentides,Total régional,Total régional, ,115,143,45,14,287,116,21.3904054054054,6.19091445427728,21:23,6:11,13:00:00,2024-02-17T13:45
15,Laurentides,CISSS DES LAURENTIDES,HÔPITAL DE MONT-LAURIER,51217610,5,10,5,1,13,0,21.84,4.76,21:50,4:45,13:00:00,2024-02-17T13:45
15,Laurentides,CISSS DES LAURENTIDES,CENTRE MULTISERVICES DE SANTÉ ET DE SERVICES SOCIAUX DE RIVIÈRE-ROUGE,51217628,5,9,4,1,21,14,21.8,3.19,21:48,3:11,13:00:00,2024-02-17T13:45
15,Laurentides,CISSS DES LAURENTIDES,HÔPITAL DE SAINT-EUSTACHE,51228864,32,31,4,1,54,14,14.82,6.21,14:49,6:12,13:00:00,2024-02-17T13:45
15,Laurentides,CISSS DES LAURENTIDES,HÔPITAL DE SAINT-JÉRÔME,51228880,47,65,23,9,123,55,27.06,7.76,27:03,7:45,13:00:00,2024-02-17T13:45
15,Laurentides,CISSS DES LAURENTIDES,CENTRE MULTISERVICES DE SANTÉ ET DE SERVICES SOCIAUX D'ARGENTEUIL,51245306,8,3,1,0,17,10,10.81,7.32,10:48,7:19,13:00:00,2024-02-17T13:45
15,Laurentides,CISSS DES LAURENTIDES,CENTRE MULTISERVICES DE SANTÉ ET DE SERVICES SOCIAUX DE SAINTE-AGATHE,51246874,18,25,8,2,59,23,23.61,5.48,23:36,5:28,13:00:00,2024-02-17T13:45
16,Montérégie,Total régional,Total régional, ,239,306,124,36,565,176,24.3988235294117,6.81737248840803,24:23,6:49,13:00:00,2024-02-17T13:45
16,Montérégie,CISSS DE LA MONTÉRÉGIE-OUEST,HÔPITAL BARRIE MEMORIAL / BARRIE MEMORIAL HOSPITAL,51228005,5,5,1,1,27,22,16.99,4.11,16:59,4:06,13:00:00,2024-02-17T13:45
16,Montérégie,CISSS DE LA MONTÉRÉGIE-EST,HÔPITAL PIERRE-BOUCHER,51229011,47,71,26,9,107,37,22.66,7.51,22:39,7:30,13:00:00,2024-02-17T13:45
16,Montérégie,CISSS DE LA MONTÉRÉGIE-CENTRE,HÔPITAL DU HAUT-RICHELIEU,51229045,37,44,18,3,77,23,29.72,5.21,29:43,5:12,13:00:00,2024-02-17T13:45
16,Montérégie,CISSS DE LA MONTÉRÉGIE-EST,HÔTEL-DIEU DE SOREL,51229102,17,15,3,0,25,2,17.37,5.25,17:22,5:15,13:00:00,2024-02-17T13:45
16,Montérégie,CISSS DE LA MONTÉRÉGIE-OUEST,HÔPITAL DU SUROÎT,51229136,32,51,26,9,71,13,25.72,6.06,25:43,6:03,13:00:00,2024-02-17T13:45
16,Montérégie,CISSS DE LA MONTÉRÉGIE-OUEST,HÔPITAL ANNA-LABERGE,51229151,32,55,31,12,111,21,34.58,15.24,34:34,15:14,13:00:00,2024-02-17T13:45
16,Montérégie,CISSS DE LA MONTÉRÉGIE-EST,HÔPITAL HONORÉ-MERCIER,51229193,26,27,7,2,54,23,18.29,7.46,18:17,7:27,13:00:00,2024-02-17T13:45
16,Montérégie,CISSS DE LA MONTÉRÉGIE-CENTRE,HÔPITAL CHARLES-LE MOYNE,51233799,43,38,12,0,93,35,22.85,5.86,22:51,5:51,13:00:00,2024-02-17T13:45
99,Ensemble du Québec,Ensemble du Québec,Ensemble du Québec, ,1880,2027,577,140,4129,1431,17.5407502287282,4.94013903581683,17:32,4:56,13:00:00,2024-02-17T13:45
